bins	0-1	1-2	2-3	3-4	4-5	5-6	6-8	8-10	10-13	13-17	17-24	24-46	46-265
0-1	0.0	0.06571552600148588	0.08896639974512587	0.09095196029329013	0.09054313058815922	0.09098073269873508	0.09049408718597902	0.08966061617533384	0.08770211829076031	0.08623065533877633	0.08393481932448327	0.08164185064031268	0.07813791992554543
1-2	0.1607886722480332	0.25254721372311817	0.28570954117396885	0.28256082681539446	0.27384047574217396	0.2699577002592565	0.2666986575348935	0.26225381917742474	0.25662137177386624	0.25049616238615635	0.24314550352411526	0.23332397037947675	0.22038790351929077
2-3	0.2857109361681054	0.3776464786192987	0.4117460004974253	0.405117204832	0.3912173581109039	0.3832966830203299	0.37662573357669293	0.3687004210999172	0.3593158549514173	0.3494327177171401	0.33772048478610067	0.32177642525780664	0.3016507675144226
3-4	0.37149782251324526	0.45872013851193194	0.4909968268471424	0.4825329155618462	0.4664900737295067	0.45579978703356333	0.4462123117747536	0.4355538135746589	0.4235856472250541	0.4108120984709715	0.39585635109332984	0.3755732709920155	0.34952481520591344
4-5	0.44302925944413935	0.5230837184788857	0.5532544916681257	0.5453360696751787	0.52843991385729	0.5162278037650737	0.5047187181119898	0.4918839225906	0.47802197073457126	0.4632038379097655	0.44578219327757995	0.42230431951268976	0.3914186339257483
5-6	0.5052897786313103	0.5778532151435659	0.6061220886153468	0.5993681950085139	0.5828139227039151	0.5701674731670999	0.557522970100377	0.5431995561419454	0.5279528258760927	0.5119549981702162	0.4928414308193968	0.4668129470757984	0.4324271114849749
6-7	0.5586917812091461	0.6245606800754212	0.6509446197288506	0.6452139638443005	0.6299331609944985	0.6169846055782239	0.6038622436006391	0.5887421096446409	0.5727911002962972	0.5559519265008911	0.5359218797692737	0.5083844621990682	0.4713618384550678
7-8	0.6057659901856418	0.6653227381506048	0.690020160002645	0.6854864551314792	0.6710790101257174	0.658225643133155	0.6449979597527816	0.6296467629648251	0.613606240367688	0.5964624016429583	0.5759436395712654	0.547021132144868	0.5086070194906306
8-9	0.6471009865634363	0.7011131330223691	0.7240565261527758	0.7206909995180467	0.7071854649342741	0.694648968280517	0.6815116524363244	0.6664497454212265	0.6505189401207294	0.6331360027461551	0.612575572178441	0.5829144146243461	0.5431138474755249
9-10	0.6831797310758936	0.7321919209198159	0.7535449820528639	0.7508445987828143	0.7381300530580033	0.7261610332065707	0.713502845905816	0.6987308495726776	0.6833729162595638	0.6660716170454959	0.6457406971592266	0.615779390333149	0.5751102202017672
10-11	0.7152284706667092	0.7596121227188316	0.7793718765333212	0.7772415133377774	0.765360409263718	0.7540437655382112	0.7420415234704536	0.7278121794213881	0.7128845961701529	0.6958554165051425	0.6759231358944112	0.6460085475791306	0.6050209105173042
11-12	0.7434617328122732	0.7838358361139691	0.8021214965138901	0.8005379646178814	0.7896396966119223	0.7789797417370667	0.7675542734056164	0.753923795442522	0.7395957766815595	0.7230656818385823	0.7036773918736524	0.6739984053588006	0.633063077574738
12-13	0.7681394047311744	0.8050872309216573	0.8220937999914342	0.8207892084042625	0.8107916464692192	0.8009418651950198	0.7901240325900952	0.7769705001980802	0.7633764796071297	0.7475295453357281	0.7287407541003077	0.6994658077940923	0.6590112099463665
13-14	0.7902339817658217	0.8238978686164758	0.839687328352568	0.838627852550184	0.8295322070835955	0.8203688429006403	0.8100928912557014	0.7976233860439566	0.7847006390152073	0.7694381232238519	0.7514008605679103	0.7227188506491298	0.6826493416617448
14-15	0.8098977587028251	0.8404998082530283	0.8552199228615033	0.8543932242244177	0.8461077539312771	0.8375497053405156	0.8278646056429472	0.8161132571852995	0.8037046435812437	0.78922691389955	0.7718654362505496	0.7438363842707413	0.7043891205650912
15-16	0.8272352601655124	0.8554018094833646	0.8689443537340339	0.8684225253733837	0.8606456239308709	0.8526976770142376	0.8436511038703421	0.8325858846990448	0.82081445923327	0.8070749501124994	0.7904008578797048	0.763273372640945	0.7246338422255235
16-17	0.8429170214733456	0.8686698725195322	0.88119694661995	0.8808989973909352	0.8737550312390371	0.8663414643587668	0.8578348713083088	0.8475378323047549	0.8362431794609706	0.8233693963489154	0.8072642156586018	0.7811774397317577	0.7435302680483717
17-18	0.8569353731046967	0.8806286106493556	0.8921530777629086	0.891968099940234	0.8853767427273452	0.8784542933446536	0.8706022720021295	0.8609581919626589	0.8502558448184239	0.8381899049202932	0.8226947598809272	0.7975896481838599	0.7610581139369643
18-19	0.8696080523841473	0.8912475252325739	0.9019996949324983	0.9018548704547101	0.8958355390758375	0.8892800334449562	0.8819919447800407	0.8730403334686923	0.8629282759145114	0.8516119359112074	0.836770448507545	0.8126881040522277	0.7771195389544147
19-20	0.8810233683750123	0.9009084746388895	0.9108365837549303	0.9108159885672482	0.9051500200591417	0.8991573922611441	0.8924152565608439	0.8839396963895877	0.8744563242345654	0.8638443608629475	0.8496801890737153	0.8265939799145746	0.7923922705659862
20-21	0.8912558250016762	0.9095681642685628	0.9188281500661607	0.9188169784485923	0.9136180682216842	0.9080986277826039	0.9017525830934833	0.8938898119404363	0.884972841632632	0.8748765759074196	0.8615082934806862	0.8395707820417706	0.8066340927937765
21-22	0.900576704200575	0.9173671572554148	0.9260059525732746	0.9259544196478222	0.9212708739547643	0.9161689009002848	0.9101758476490519	0.9028740701515872	0.8945722170299718	0.8849416195411038	0.872258671845617	0.8513618059500523	0.8197077896897131
22-23	0.9090311465847181	0.9244588126927451	0.9324784931168207	0.9325067162929698	0.9281539351686257	0.9234630497425983	0.9177496434202078	0.9109841977211123	0.9032639556341122	0.8941879459173133	0.882121942380025	0.8622716205509701	0.8317780203914832
23-24	0.9166531171784573	0.930879690464778	0.938352620462215	0.9383867342676282	0.9344429481959078	0.9300452674644897	0.9247783975385118	0.9183424142764426	0.9111716251429096	0.9026804112525287	0.8911709310160025	0.8723231503862534	0.8432707509291907
24-25	0.9235942533808346	0.936745146627264	0.9436325424370687	0.9437543375197851	0.9400884090210625	0.9359613602368243	0.9310878449857048	0.9250637500551601	0.918376130346016	0.9104597048080403	0.8994645338932622	0.8814959900945827	0.8537826857337176
25-26	0.9299452746762474	0.9420326679883385	0.9483983580455544	0.9485717443187492	0.9452293867282311	0.9413258434867656	0.9368419080633968	0.9311834082765248	0.924960144443786	0.9174678752117074	0.9071007483231097	0.8901544131632215	0.863639563533967
26-27	0.9356340875613943	0.946850009996242	0.9527414372586606	0.9529145181259032	0.9498109404446664	0.9462458133321118	0.9420885925884875	0.9367514667594842	0.9309530672641535	0.9239002309177228	0.9141616867658909	0.89815003986603	0.8728628616087676
27-28	0.9408644821823863	0.9512321931716526	0.9567091181370145	0.956896240269138	0.9539489610738195	0.950669334607304	0.9467892597327405	0.9418242010728552	0.936392919637228	0.9297959815778752	0.9205549727037167	0.9054589379891147	0.8813535458390755
28-29	0.9456752444057411	0.955192302104714	0.9602850202088437	0.9604602381524165	0.9577384505414825	0.9547112453181738	0.9511177842232202	0.9464806945049757	0.9414381953722458	0.9352039543057129	0.9265007946091216	0.9122743286699107	0.8893180367380786
29-30	0.950029998786024	0.958816925994905	0.9635683279821289	0.9637692093535285	0.9611879933590222	0.9584683190651411	0.9550536757722254	0.9507345821055591	0.9460205896058123	0.9400901180827023	0.9320086833926817	0.9185402861033193	0.8965988342610325
30-31	0.9539918545297725	0.962138872527806	0.9665434123828854	0.9667575081153976	0.9643422289855456	0.9617776536208325	0.9586765537833952	0.9546215629138547	0.9501706074225501	0.9447000880860856	0.9370661755559516	0.9243696695717016	0.9033009384377666
31-32	0.9576859344041151	0.9651655498904838	0.9692546058805895	0.9694537068718592	0.9672993070010125	0.9648869894023229	0.9619924677702413	0.9582326198979503	0.9540409952969116	0.9488459539091776	0.9416999087720792	0.9297539138616644	0.9097298039005125
32-33	0.9610099050776174	0.9679303430298483	0.971751049890559	0.9719650112837499	0.9699522071637177	0.9677411654573729	0.9650012225871664	0.9615268479087056	0.9575859956019624	0.9527383133043527	0.9460521135527351	0.9347572580736585	0.9157947488053264
33-34	0.9641029135855274	0.9704715436141137	0.9740213231664204	0.9742108990375339	0.9723441381808735	0.970303730396491	0.9677381395872555	0.9645208569157715	0.9608259450607846	0.9563125566567138	0.9500294358507403	0.9393917942736512	0.9214540117767079
34-35	0.9669305566451143	0.9727993499267742	0.9760697838153426	0.9763058960043693	0.9745340470305318	0.9726304903292526	0.9702254653685843	0.9672872845476211	0.9637882540392709	0.9595750956074339	0.9536475161347321	0.9436439188874293	0.9267386155507431
35-36	0.9695029141990891	0.974935024426813	0.9779618034448584	0.9782032472925256	0.9765047646899591	0.9747491870211116	0.9725231096294792	0.9698340639240879	0.9665469747356004	0.9625984310220846	0.957046385475479	0.9475965129504768	0.9315435600976023
36-37	0.9718603060182952	0.9768690423022873	0.9797073005057659	0.979927747162769	0.9782932045580323	0.9767049814855971	0.9746513675120441	0.9721393789656302	0.9690501600853787	0.9653899609481732	0.9601935410240942	0.9512546148236134	0.9360227659155586
37-38	0.9740185094043671	0.9786541267546578	0.9812962062677096	0.9814862435537872	0.9800066730268359	0.978535615426873	0.9766244846448713	0.9742451264613674	0.9713747359541768	0.9679117087418289	0.9630603900488498	0.9546545007047408	0.9401774261867688
38-39	0.9760038198600287	0.9802767121426726	0.9827629347493676	0.9829455629017406	0.9815435867118633	0.980206572927456	0.9784334843304917	0.9761775848707471	0.9735310917548734	0.9702623150364822	0.9657444410964069	0.9577918879871623	0.9439956090896616
39-40	0.9778026513755393	0.9817789385434117	0.9841130462943692	0.9842835084398481	0.9829837815688253	0.9817126927286572	0.9800654869594932	0.9779538599834098	0.9754973434050216	0.9724721118269133	0.9682024384956902	0.960747390443993	0.947739814698811
40-41	0.979478332286626	0.9831736981265752	0.9853247503668701	0.9854828422534817	0.9842617291609557	0.9831201034574302	0.9816003070811119	0.9795999823488083	0.9773154906588124	0.974436293440102	0.9704593092435906	0.963471128303118	0.9510306110882417
41-42	0.9810337112727503	0.9844334747687731	0.9864544018009503	0.9865990562595943	0.9854938926924633	0.9843842892575817	0.9830012573230826	0.9811330577565831	0.9789895124403271	0.9763230421560475	0.9726291798846959	0.9659696514336027	0.954271293827072
42-43	0.9824144442949494	0.9855991578142037	0.9874799095016505	0.987635928631255	0.9865698181170962	0.9855894431614771	0.9842771192372775	0.9825158997075157	0.980535987599904	0.9780433348030787	0.9745949912865487	0.9683462462322509	0.9572816924095716
43-44	0.983717167325734	0.986677289557939	0.9884355372080914	0.9885627617122773	0.9875516000670737	0.9866568559741082	0.9854550180617009	0.9838144522602201	0.9819546950862055	0.979614433492046	0.9764073305898978	0.9705137490568819	0.9600606136535833
44-45	0.9848783329001878	0.987671044937293	0.9892912290087637	0.9894378810494158	0.9884818749488506	0.9876762045651976	0.9865320266123955	0.9849932642854415	0.9832743715731516	0.9810683964288144	0.9780637539715187	0.9725361470899059	0.9625698757300782
45-46	0.9859665284545824	0.9885851382531263	0.9901016866626142	0.9902268108134146	0.9893380368824947	0.988604263393224	0.9875264885754939	0.9860905139223773	0.9844819750318092	0.9824367886160816	0.9795979861919105	0.9743824544122817	0.965031410520287
46-47	0.9869515141607854	0.9894210126587636	0.9908388078923819	0.9909536368575894	0.9901575715676405	0.9894407098795198	0.9884456243380907	0.987091574481335	0.9856170736516531	0.9836739887608861	0.981006117133914	0.9761499113878292	0.9672340247823933
47-48	0.9879334320583373	0.990187808125261	0.9915000379455884	0.9916190675893909	0.9908878273345721	0.9902165115762191	0.9893239746708822	0.988028922171632	0.9866184362120995	0.9848238919451043	0.9823257816751876	0.9777631945222943	0.9692874912748554
48-49	0.9888209052752721	0.9908923555783551	0.9921316629259581	0.9922422300099814	0.9915814558530057	0.9909203782299396	0.990105337641888	0.9888795013637528	0.9875709464268819	0.9858608516040445	0.9835423168763839	0.9793147577367182	0.9712335713731736
49-50	0.9896483370943205	0.9915614014596629	0.9927121928567619	0.9928141509583217	0.9922147066414931	0.9915736000327737	0.9908148870331411	0.9896916545066814	0.988438572927931	0.986868465674539	0.9846799165874263	0.9807186969791251	0.9731187991814769
50-51	0.9903924998214096	0.9921745492021958	0.9932524478661431	0.9933284547673578	0.9927818566924566	0.9921977897554819	0.9914842364313804	0.9904140642314964	0.9892801153711142	0.9878230604045646	0.9857351594558003	0.9820014636438184	0.9748823224097506
51-52	0.9910978766819808	0.9927377638396959	0.9937411569872857	0.9938165475007267	0.9932997888782505	0.9927671411046188	0.9920895780737531	0.9911295324764572	0.9900542371562541	0.9886689038362327	0.9867163544804695	0.9832220065523885	0.976434652396208
52-53	0.9917313791684397	0.9932573952467916	0.994187186714085	0.9942753593928098	0.9937956874848699	0.9933045571656172	0.9926498410831831	0.9917743463729032	0.9907598330266614	0.989463454138517	0.9876147038978254	0.9843430418347697	0.9779571528287365
53-54	0.9923175497499954	0.9937440265478635	0.9946072180774287	0.9946883609364295	0.9942214792486608	0.9937945541624098	0.9931794662338599	0.9923638763405113	0.9914055239845122	0.9901968472480742	0.9884333846780599	0.9853791807373392	0.9793102213949492
54-55	0.9928627431731396	0.9941885177718558	0.9949997482817413	0.9950586218972047	0.9946323911927493	0.9942593900230933	0.9936790389625749	0.9929055596791251	0.9919988257752933	0.9908619317189806	0.9892356918426897	0.9863808068682938	0.9806597104146904
55-56	0.9933711228924702	0.9945995278387161	0.995352454403304	0.9954069222270157	0.9950298540690299	0.9946655165661886	0.9941300204375986	0.9934041066786456	0.9925633908921543	0.9914735036462509	0.9899756815150927	0.9872874598977972	0.9818552789361586
56-57	0.9938376489366317	0.994987447452382	0.9956896817304393	0.9957493191614061	0.9953984157570425	0.9950335788264522	0.9945499737626746	0.993866458818927	0.9930833036387702	0.9920811299481839	0.9906687497815838	0.9881185375150052	0.9829923815319265
57-58	0.9942816046742885	0.9953450608462303	0.9959970034256227	0.9960388216728285	0.9957332117003458	0.9953961572493586	0.9949289465123483	0.9942995575798232	0.9935574587584518	0.9926211874162169	0.991329315199188	0.9889201407214181	0.9840232909157075
58-59	0.9946915953875934	0.995670443815828	0.9962807312302713	0.9963346998513052	0.9960353865004554	0.9957345422721601	0.995276305675283	0.9947066257912667	0.9940046456149161	0.9931328857021385	0.9919304957124349	0.9896499472861503	0.985004086648888
59-60	0.9950689358516828	0.9959721590709015	0.9965483791222624	0.9965871290394868	0.9963186753755582	0.996030992068113	0.9956027842593221	0.9951003068629914	0.994412043230568	0.99359698988243	0.9924612941168138	0.9903366758658741	0.9859395414600968
60-61	0.9954094626119585	0.9962632912015943	0.9967910806077006	0.9968312934740796	0.9965902320851264	0.9962922807892466	0.9959101385748401	0.9954510995056178	0.9947971146610973	0.9940359407011965	0.9929764520525555	0.9909639517879256	0.986785507609519
61-62	0.9957385946543872	0.9965177672378409	0.9970172513418087	0.9970542056851586	0.9968314568545321	0.9965529243530441	0.9961917336715338	0.9957664410189894	0.9951594178038284	0.9944445595251832	0.9934581296101204	0.9915622571352639	0.9876243146659983
62-63	0.9960473476822047	0.9967552140648567	0.997224486851666	0.99725539340109	0.9970540818493099	0.9968035679781315	0.9964709870210616	0.9960723619525589	0.9954885632458825	0.9948186541274691	0.993891663850161	0.992132095743971	0.9883855648822626
63-64	0.9963219165564811	0.996977652097296	0.9974109837825818	0.9974494970425168	0.9972581070694597	0.997029695624446	0.9967026248448838	0.9963440713068475	0.9958101929424498	0.9951658691571451	0.9943134677387236	0.992652054580563	0.9890895423549835
64-65	0.9965763255453357	0.997185081335159	0.9975946254019041	0.9976263627693157	0.9974518308759694	0.9972564684280966	0.9969309451935544	0.996601897701428	0.9960949070655966	0.9954874376221292	0.9946819962809904	0.9931203702187533	0.9897851675526043
65-66	0.9968195589455326	0.9973731723184718	0.9977597826356482	0.9977973251006941	0.9976323917650501	0.9974380802182179	0.9971536063199075	0.9968384038364567	0.9963572950036208	0.9958090060871133	0.9950373281778444	0.9935760899548943	0.9904318722817818
66-67	0.9970424133311185	0.9975609746711196	0.9979118655478857	0.9979510495174445	0.9978003620374596	0.9976084017549569	0.9973446538595215	0.9970535897119335	0.9966059777586985	0.99608939208764	0.9953745757828365	0.993972860869445	0.9910785770109592
67-68	0.997247737381555	0.9977217419514857	0.9980543305684402	0.9980965091806062	0.9979431510765265	0.9977790458703639	0.9975372625639128	0.9972578675476396	0.9968332185340052	0.9963419121092226	0.9956873851555829	0.99438096809584	0.9916477248999217
68-69	0.997439037163872	0.9978781797718778	0.9981949922343041	0.9982341763618128	0.9980856539652146	0.9979271094790063	0.9977089906894087	0.9974452875037	0.9970412278429192	0.9965907331070516	0.9959694023556995	0.9947510356980462	0.9921357364021977
69-70	0.9976193804867208	0.9980214367919047	0.9983234812560067	0.9983572031223765	0.9982241507485983	0.9980664634636109	0.9978680343510894	0.9976232868799585	0.9972386266876164	0.9968185929702765	0.9962279588528602	0.9950878501188426	0.9926273274509451
70-71	0.997785042153882	0.9981540144773292	0.9984375434401848	0.9984688953637328	0.998343761606975	0.9982022690828668	0.9980182964608982	0.9977854200165505	0.9974346992242866	0.9970323965432375	0.9964777175864123	0.9954017399979094	0.9930890889457636
71-72	0.9979303248064321	0.9982793763961305	0.9985389821415289	0.9985777539752873	0.9984490649464072	0.9983303328140891	0.9981554838156977	0.9979391242133197	0.9976042456004152	0.9972274583958467	0.9967035268523636	0.995700514794517	0.9935293731617535
72-73	0.9980688144541118	0.9983982922300817	0.9986393688859703	0.9986646519558774	0.9985457837744726	0.9984338805665384	0.9982883779673598	0.9980687811405943	0.9977614131016244	0.997410190169277	0.9969222490309636	0.9959816553282558	0.9939374414595001
73-74	0.9981943754796189	0.9985077794623118	0.9987319410934192	0.9987560365169871	0.9986530901665569	0.9985358154256473	0.9984060507624438	0.9981835634681816	0.9979190227055093	0.9975788656524435	0.9971153110657055	0.9962371002218141	0.994324032478418
74-75	0.9983153347921493	0.9986084153541508	0.9988216579892747	0.9988360865588893	0.9987412244832555	0.9986342019194074	0.9985165031704332	0.99830875801555	0.9980607166130692	0.9977307722279267	0.9973054405125779	0.9964802011313642	0.994656930300264
75-76	0.998429939358188	0.9987031824224695	0.9989014564343321	0.998913066835173	0.9988276418976808	0.9987229110531256	0.9986125148042331	0.9984213091531842	0.9981911369023988	0.9978935292730874	0.9974777300499108	0.9967066754502093	0.9949946008507387
76-77	0.998536874402599	0.9987854421619745	0.9989732900628395	0.9989900471114567	0.998909194755665	0.9988112976081758	0.9987038429437013	0.9985212168810841	0.9983082941114577	0.9980313795583068	0.997630957766092	0.9969172789324724	0.9953119873045416
77-78	0.9986411798967375	0.9988639497028354	0.9990413667024083	0.9990559290043497	0.9989747231924312	0.9988942003258688	0.9987912681712264	0.9986146789491195	0.9984190408317191	0.9981610919912681	0.9977832079529834	0.997119317201342	0.9956257942118731
78-79	0.9987312419935672	0.9989435155561345	0.9991053857939233	0.99912275544051	0.9990454023360175	0.9989671031048518	0.998874205050017	0.9987034307272539	0.9985176297283987	0.9982922840337309	0.9979273935232337	0.9973082557320804	0.9958990329258615
79-80	0.9988151684730946	0.9990160580632536	0.9991662490147297	0.9991784834932798	0.9991083554193736	0.9990425865131793	0.9989542147448502	0.9987872243054925	0.9986137870603622	0.9984020217384226	0.9980654695354225	0.9974725062948023	0.9961352829929779
80-81	0.9988855089428813	0.9990790757584299	0.9992226038488098	0.9992372813116682	0.9991687331493198	0.9991061345107883	0.9990217351214656	0.9988720095237104	0.9986997760307846	0.9985092934272785	0.9981930371077457	0.9976307108245406	0.9963846580638231
81-82	0.9989589172213191	0.9991385336754055	0.9992770050486418	0.9992913564137202	0.999225963225098	0.9991596825696873	0.9990933535556212	0.9989508449020532	0.9987848807958557	0.998605714646457	0.9983037422998191	0.9977740521898608	0.9966292604060397
82-83	0.9990314489829994	0.9991954901266183	0.9993302040120134	0.9993340969965648	0.9992823348497397	0.9992087145272334	0.9991546292731277	0.9990197638806045	0.998866669790859	0.9987026290688026	0.9984098042277659	0.9979194088995089	0.9968595445623705
83-84	0.9990901756057498	0.9992485981689655	0.9993695772560908	0.9993791989375777	0.9993295496622568	0.9992600045354559	0.9992127826610797	0.9990874433091819	0.9989444798617811	0.9987845007945501	0.9985051133335245	0.998048642854534	0.9970671582577153
84-85	0.9991489022285001	0.9992907382460453	0.9994050432316719	0.9994297320023773	0.9993764783243951	0.9993193590103802	0.9992598127499939	0.9991481812579052	0.9990136689305272	0.9988562618553709	0.9986031106448302	0.9981690596781246	0.9972592605850171
85-86	0.9992032462674629	0.9993387471466453	0.9994420120028285	0.9994686944121527	0.9994208316331233	0.9993674232319221	0.9993078185668939	0.9992044568267222	0.9990777738185028	0.9989285161193588	0.9986903551339478	0.9982839343048135	0.9973881242579897
86-87	0.9992527694642598	0.9993800213317303	0.9994786802148699	0.9995031702414086	0.9994557419793482	0.9994074229867623	0.9993550438014053	0.9992508159957477	0.9991361313716944	0.998994851945341	0.9987739338882284	0.9983841976851254	0.9975420447562626
87-88	0.9992974718188906	0.9994197561532691	0.999515799265584	0.9995378822064812	0.9994900800248152	0.9994425840615816	0.9993973903959877	0.9993006459047002	0.999190067898129	0.9990675994124961	0.9988545800546396	0.9984864764097652	0.9976852266151212
88-89	0.9993412976567639	0.9994543918330606	0.9995499127251471	0.9995633848746979	0.9995229873183877	0.9994822612377537	0.9994368098066129	0.9993482446236998	0.9992462149379422	0.999120125549798	0.9989259396927973	0.9985741438880278	0.9978128971059367
89-90	0.9993805217816606	0.9994890275128522	0.9995825233891348	0.999591012765266	0.999556753063097	0.9995145191045604	0.999469789412532	0.9993903893228139	0.9992932988729036	0.9991761041092699	0.9989880128027017	0.998668109317315	0.9979429539610665
90-91	0.9994208415525041	0.9995205844655511	0.9996112267846262	0.9996184045200172	0.9995819342964395	0.9995525833873922	0.9995049156200198	0.9994307986519645	0.9993399407051893	0.9992239448164838	0.9990429988252547	0.9987545172053727	0.9980682380875676
91-92	0.9994580935146964	0.9995490626911576	0.9996334681591431	0.9996429626449665	0.9996102631839497	0.9995790348381736	0.9995365292067587	0.9994632748612818	0.9993801720486775	0.999274498141117	0.9990992067594201	0.998831604125914	0.9981768176638687
92-93	0.9994903055055333	0.9995814855358515	0.9996527039425092	0.9996705905355346	0.99963601671805	0.9995996798729297	0.9995665816287205	0.999493519880646	0.9994223928542062	0.9993188864261608	0.9991566366051977	0.9989076833742914	0.9982842040580125
93-94	0.9995260235634	0.9996067888241437	0.999675997273929	0.9996937318455831	0.9996609118010136	0.9996241958517028	0.9995927311387391	0.9995235169900155	0.9994584242222753	0.9993603154922017	0.9992060018343343	0.9989842664587507	0.9983760790841134
94-95	0.9995571399082901	0.9996314186408843	0.9996962850141978	0.9997126227109288	0.9996820869290516	0.9996519376171565	0.9996141971544261	0.9995537620093797	0.9994904766662631	0.9994012513550755	0.9992617210038547	0.9990510247396116	0.9984619881994286
95-96	0.9995854075737184	0.9996555674065168	0.9997155207975639	0.9997279715390222	0.9997012590044373	0.9996700020225683	0.9996372243348903	0.9995812800188013	0.9995247396236294	0.9994382415926121	0.9993059542042196	0.9991117369874889	0.9985407382218007
96-97	0.9996147708850935	0.9996770222859434	0.9997355079787176	0.9997487514909024	0.9997212895309597	0.9996916147933287	0.9996602515153545	0.9996060710182803	0.9995559078622658	0.9994705464000606	0.9993518980808418	0.9991646397760956	0.9986171018798585
97-98	0.9996421620337643	0.99969732264271	0.9997502353753571	0.9997669339487976	0.9997396031552088	0.9997154856147656	0.9996795709294728	0.9996303661977696	0.9995813287661182	0.99950704343443	0.9993927099286923	0.9992203136631532	0.9986803405341876
98-99	0.9996627601775648	0.9997177192096984	0.9997643616537666	0.9997820466410741	0.9997604921328679	0.999737098385526	0.9996983049067996	0.9996524301873058	0.9996060865159571	0.9995381152339606	0.9994337661588653	0.9992681780909403	0.9987483519171454
99-100	0.9996833583213653	0.9997350370495942	0.9997805918459817	0.9997959786542665	0.9997725104487813	0.9997548402122697	0.9997168437385292	0.999675733726816	0.9996290758550931	0.9995662278144883	0.9994716454188463	0.9993135233383175	0.9988271019395175
100-101	0.9997046138527339	0.9997507193157221	0.999794417565276	0.9998082577167412	0.999786531817347	0.999770969145673	0.9997359680070503	0.9996938311564355	0.9996525072969049	0.9995903947696788	0.9995034151207658	0.999354334060957	0.998892726958161
101-102	0.9997243354797769	0.9997656319000768	0.9998074918867825	0.9998240788164682	0.9998005531859127	0.9997867755004082	0.9997529456740027	0.9997141597760082	0.9996724019173111	0.9996155481312037	0.9995324966171383	0.9993931294392686	0.9989464201552329
102-103	0.9997409892981688	0.9997822762684211	0.999818612574041	0.999833524249141	0.9998131438025839	0.9997974205964544	0.9997687524673723	0.9997349842155705	0.999694285999758	0.99964218110223	0.9995593786726087	0.9994276422108835	0.999009658809562
103-104	0.9997593961500756	0.9997953608585646	0.9998313863364325	0.999845331039982	0.9998248759681184	0.9998116140578492	0.99977987576641	0.9997503546352474	0.9997139595688264	0.9996633888384177	0.9995843056694994	0.9994606434742526	0.9990776701925198
104-105	0.9997782412603611	0.9998089264998162	0.9998411545076731	0.9998547764726547	0.9998351773817585	0.9998219365752273	0.999796267996571	0.9997669646048982	0.9997334120865569	0.9996836101682709	0.9996058113138757	0.9994923851474166	0.9991158520215487
105-106	0.9997916081409124	0.9998211451979649	0.9998513735175862	0.9998642219053275	0.999846909547293	0.9998374203512945	0.9998110990619546	0.999781343384596	0.9997477804235169	0.9997006256775377	0.9996256062819948	0.9995216076401707	0.9991755111294064
106-107	0.9998073854425468	0.9998330752654487	0.999858737215906	0.9998739034738172	0.9998557802090386	0.9998461299753323	0.9998231980889782	0.9997927472443563	0.999760601401112	0.9997218334137253	0.9996512664258529	0.999549318624679	0.999219658869221
107-108	0.9998189992895832	0.9998441394409378	0.9998677539893588	0.9998812236841387	0.9998660816226788	0.9998558073353743	0.999834321388016	0.9998039031941218	0.9997751907894099	0.9997388489229921	0.9996695951000373	0.9995747623468184	0.9992638066090357
108-109	0.9998246966485067	0.9998530869915506	0.999874967408121	0.9998899607093611	0.9998738076829088	0.9998632266447398	0.9998452495414566	0.9998128279539342	0.9997873486129915	0.9997553712290917	0.9996928114206708	0.9995999541509168	0.9993210793525791
109-110	0.9998367487539219	0.999861072439947	0.9998823311064408	0.9998963363764153	0.99988124759276	0.9998719362687776	0.9998538359477314	0.999825967183658	0.9998034853606543	0.9997696741209392	0.9997096738009204	0.9996264055452202	0.9993580679994508
110-111	0.9998479243425796	0.9998692503087867	0.9998908970412209	0.9999015313643853	0.9998866844499589	0.9998793555781431	0.9998635932275891	0.9998366273134339	0.9998149800302224	0.9997849634191209	0.9997275137104598	0.9996495820049908	0.9994010225571084
111-112	0.9998586616728586	0.9998766584958533	0.9998978099008681	0.999907198623989	0.9998964135628412	0.9998845168368322	0.9998731553618496	0.9998487749031786	0.9998293483671824	0.9997997595141356	0.9997448648553543	0.9996722546286794	0.9994344316575087
112-113	0.9998680842280014	0.9998844515238063	0.9999032199649398	0.999912393611959	0.9999024227207979	0.9998948393542103	0.9998809611857358	0.9998572038430014	0.9998417272421019	0.9998113497885637	0.9997587946477344	0.999694171498245	0.9994690339400661
113-114	0.9998770685247654	0.9998916672904296	0.9999090808676842	0.9999171163282955	0.9999092903298913	0.9998996780342313	0.9998879864272333	0.9998638974128606	0.9998536640143456	0.9998226934614082	0.999776145792629	0.99971079808895	0.9995000566761522
114-115	0.9998858336923401	0.999898017165058	0.9999144909317559	0.9999206583655478	0.9999147271870902	0.9999051618715884	0.9998932553583565	0.9998730700826678	0.9998616218625082	0.9998323109231677	0.999787387379462	0.9997301957781058	0.9995286930479239
115-116	0.9998926266972105	0.9999043670396864	0.9999200512753851	0.9999251449460673	0.9999221670969414	0.9999122586022858	0.9998993048718683	0.9998805073825114	0.9998706849673599	0.9998421749865107	0.9998032722304219	0.999745310860565	0.9995501703267526
116-117	0.9998985431853233	0.9999106207040932	0.999924709941669	0.9999291592549533	0.9999276039541403	0.9999193553329833	0.9999047689485886	0.9998884405023447	0.9998788638668602	0.9998527788546046	0.9998142694349325	0.9997652123858027	0.9995740339698957
117-118	0.9999038022858682	0.9999170667889433	0.9999299697261832	0.9999329374280225	0.9999316100594448	0.9999251617490085	0.9999106233165033	0.9998946382522145	0.9998850533043199	0.999860670105279	0.9998262441687329	0.9997795717141389	0.9996002839773531
118-119	0.9999110335491173	0.9999215886693605	0.9999335764355644	0.9999378962801757	0.9999359023151281	0.999932581058374	0.9999166728300151	0.9999025713720477	0.9998894743310768	0.9998693011607042	0.9998355306969863	0.9997934272063931	0.9996169885275533
119-120	0.9999149778745259	0.9999254370782262	0.9999377842631757	0.9999426189965122	0.9999393361196748	0.9999367745810589	0.999920380596361	0.9999097607618966	0.9998945585118473	0.9998764526066278	0.9998462835191745	0.9998024962558685	0.9996360794420678
120-121	0.9999187030707452	0.9999307286404167	0.9999422926499021	0.999945452626314	0.9999427699242215	0.9999438713117563	0.9999270155466643	0.9999171980617403	0.999900747949307	0.9998838506541351	0.9998563031943952	0.9998148402398768	0.9996515908101108
121-122	0.9999235239129112	0.9999344808390608	0.999945298241053	0.9999473417128485	0.9999453452776315	0.9999467745197689	0.999932869914579	0.9999228999916204	0.9999067163354288	0.9998927283111438	0.9998641234287139	0.999827436141926	0.9996659089959966
122-123	0.999929440401024	0.9999385216683698	0.9999498066277794	0.999950647614284	0.9999476344806626	0.9999490325704453	0.9999363825353278	0.9999261228215527	0.9999113584135236	0.9998966739364811	0.9998692554574855	0.9998380166996473	0.9996969317320826
123-124	0.9999340421140007	0.9999418890261274	0.9999520608211426	0.9999537173799027	0.9999522128867249	0.9999516131997899	0.9999400903016737	0.9999300893814693	0.9999173267996455	0.9999045651871555	0.9998785419857389	0.9998463299949998	0.9997124431001256
124-125	0.9999390820853562	0.99994496775322	0.9999553669714086	0.9999548980589867	0.9999553605408926	0.9999545164078024	0.999942822340034	0.9999360392213442	0.9999232951857674	0.9999099904219942	0.9998878285139923	0.9998566586346801	0.9997279544681686
125-126	0.9999428072815755	0.9999479502700909	0.999958222283002	0.9999582039604222	0.9999559328416504	0.9999564518798109	0.9999469203975742	0.9999392620512765	0.9999288214692136	0.99991590886	0.9998932049250864	0.9998664834382784	0.9997422726540545
126-127	0.9999460942194159	0.9999505479460752	0.9999600256376926	0.9999603291827737	0.9999593666461971	0.9999583873518193	0.99994926214474	0.9999419890612191	0.9999328003932948	0.999918868079003	0.9998978481892131	0.9998745448155899	0.9997625567507261
127-128	0.9999496002864458	0.9999537228833895	0.999962880949286	0.9999626905409419	0.9999628004507438	0.9999603228238277	0.9999521893286973	0.9999464514411254	0.9999361161633625	0.9999230603059238	0.9999022470710174	0.9998815985207374	0.9997721022079834
128-129	0.9999535446118544	0.9999567054002604	0.9999652854222068	0.9999662325781942	0.9999656619545327	0.9999619357171681	0.9999553116582518	0.9999499221810524	0.9999387687794167	0.9999267593296775	0.9999090897760462	0.9998868887995981	0.9997852272117121
129-130	0.9999561741621268	0.9999603613886828	0.9999667882177822	0.9999685939363624	0.9999679511575639	0.9999635486105084	0.9999582388422091	0.9999531450109846	0.9999427477034979	0.9999319379629326	0.999915932481075	0.9998929348325817	0.9997983522154409
130-131	0.9999588037123992	0.9999623818033373	0.9999697938089331	0.9999718998377979	0.9999705265109738	0.9999651615038487	0.9999598000069864	0.9999566157509117	0.9999456213708899	0.9999351437835191	0.9999205757452018	0.9999002404557702	0.9998138635834839
131-132	0.9999601184875354	0.9999648832691	0.9999717474431813	0.9999735527885156	0.9999742464658994	0.9999667743971891	0.9999625320453466	0.9999583511208752	0.9999487160896198	0.9999400758151906	0.9999257077739734	0.9999052788165899	0.9998234090407412
132-133	0.9999620906502397	0.9999667112633113	0.9999730999591993	0.9999756780108671	0.9999765356689305	0.9999687098691975	0.9999652640837068	0.9999623176807918	0.9999518108083496	0.9999437748389443	0.9999296178911327	0.9999090575872046	0.9998317613158413
133-134	0.9999631862961865	0.9999686354677442	0.9999752038730049	0.9999773309615848	0.9999771079696883	0.9999709679198739	0.9999685815588584	0.9999655405107241	0.9999566739377822	0.9999469806595308	0.9999357274491941	0.9999163632103931	0.9998365340444699
134-135	0.9999647202005121	0.9999702710415121	0.9999765563890228	0.9999785116406689	0.9999793971727194	0.9999729033918824	0.9999713135972186	0.9999677717006772	0.9999580002458093	0.999950926284868	0.999939393184031	0.9999203938990489	0.9998472726838843
135-136	0.9999673497507845	0.9999717141948368	0.9999783597437134	0.9999796923197529	0.999980541774235	0.9999738711278866	0.9999724844708016	0.9999697549806355	0.9999599897078499	0.9999536389022874	0.9999423257719006	0.9999236688335816	0.9998568181411416
136-137	0.9999704175594356	0.9999726762970532	0.999978810582386	0.9999806368630202	0.9999819725261294	0.9999748388638908	0.9999738504899817	0.999971490350599	0.9999617581185527	0.9999580777307918	0.9999459915067375	0.9999282033583193	0.9998663635983989
137-138	0.9999717323345718	0.9999741194503778	0.999980163098404	0.9999815814062875	0.9999825448268872	0.999976129178563	0.9999758019459533	0.999972729900573	0.9999644107346068	0.9999607903482112	0.999948435329962	0.999932989801098	0.9998723295091846
138-139	0.999973047109708	0.9999756588139241	0.9999810647757492	0.9999818175421042	0.9999836894284028	0.9999774194932353	0.9999785339843135	0.9999749610905261	0.9999668422993232	0.9999617767545455	0.999951612300154	0.9999367685717128	0.9998771022378132
139-140	0.9999739236264655	0.9999768133365838	0.999981816173537	0.9999829982211883	0.9999848340299183	0.9999790323865756	0.9999802902946878	0.9999762006405001	0.9999675054533368	0.9999632563640469	0.999954300505701	0.9999413030964505	0.999883068148599
140-141	0.999976553176738	0.9999779678592435	0.9999830184099974	0.999983470492822	0.9999851201802972	0.9999803227012478	0.999981851459465	0.9999781839204583	0.9999697159667152	0.999964982575132	0.9999577218582154	0.9999445780309832	0.9998926136058562
141-142	0.9999778679518742	0.9999795072227898	0.9999836195282276	0.9999839427644557	0.9999862647818127	0.999981290437252	0.999983022333048	0.9999791755604375	0.9999719264800937	0.9999659689814663	0.9999596769167951	0.9999465933753111	0.999898579516642
142-143	0.9999787444686317	0.999980565535228	0.9999842206464578	0.9999846511719062	0.9999871232329494	0.9999816130159201	0.999984193206631	0.9999799192904218	0.9999732527881208	0.9999689282004692	0.9999623651223422	0.9999508759820078	0.9999033522452706
143-144	0.9999798401145785	0.9999816238476661	0.9999852726033606	0.9999855957151734	0.999987981684086	0.9999832259092605	0.9999855592258111	0.9999804151104115	0.9999750211988235	0.9999706544115543	0.9999650533278892	0.9999533951624177	0.9999105113382135
144-145	0.999980716631336	0.9999822973192176	0.9999858737215908	0.9999860679868071	0.9999882678344648	0.9999835484879286	0.9999859495170055	0.9999809109304011	0.9999763475068506	0.9999731204273901	0.9999670083864689	0.9999564181789095	0.9999176704311564
145-146	0.9999813740189041	0.9999833556316557	0.9999872262376087	0.9999872486658912	0.9999888401352226	0.9999848388026008	0.9999871203905885	0.9999816546603855	0.9999785580202291	0.9999755864432258	0.9999694522096935	0.9999601969495242	0.9999212499776279
146-147	0.9999833461816083	0.9999847025747588	0.999988127914954	0.9999879570733416	0.9999891262856014	0.9999854839599369	0.9999875106817828	0.9999821504803751	0.999980105379594	0.9999775592558944	0.9999714072682732	0.9999622122938521	0.9999224431597851
147-148	0.9999848800859339	0.999985183625867	0.9999885787536266	0.9999886654807921	0.9999894124359803	0.9999864516959411	0.9999884864097686	0.9999841337603333	0.9999812106362833	0.9999785456622287	0.9999721404152405	0.999963975720139	0.9999260227062565
148-149	0.9999861948610701	0.9999860495178617	0.999989780990087	0.9999889016166089	0.9999894124359803	0.9999864516959411	0.9999896572833515	0.9999848774903177	0.9999827579956483	0.9999802718733137	0.999972384797563	0.9999669987366308	0.9999307954348852
149-150	0.9999864139902594	0.9999866267791916	0.9999905323878747	0.9999903184315099	0.9999896985863591	0.9999874194319454	0.9999900475745459	0.9999851254003125	0.9999849685090267	0.9999817514828152	0.9999750730031101	0.9999685102448767	0.9999331817991994
150-151	0.9999870713778275	0.999987877512073	0.99999143406522	0.9999905545673267	0.9999902708871169	0.9999880645892815	0.9999910233025316	0.9999856212203021	0.9999867369197295	0.9999827378891495	0.9999770280616898	0.9999705255892045	0.9999379545278281
151-152	0.9999872905070168	0.9999882623529596	0.9999921854630077	0.9999910268389604	0.9999905570374957	0.9999890323252857	0.9999912184481288	0.9999861170402917	0.9999874000737431	0.9999839708970674	0.9999772724440122	0.9999717851794094	0.9999427272564567
152-153	0.999988605282153	0.9999893206653977	0.9999923357425653	0.9999917352464108	0.9999917016390113	0.9999900000612899	0.9999916087393231	0.9999868607702761	0.9999882842790945	0.9999856971081524	0.9999792275025919	0.9999722890154914	0.9999463068029282
153-154	0.9999901391864786	0.9999898979267275	0.9999926363016803	0.9999919713822276	0.9999919877893901	0.9999909677972941	0.9999925844673089	0.9999876045002605	0.9999887263817702	0.9999856971081524	0.9999809381788491	0.9999750601139422	0.9999486931672424
154-155	0.999990358315668	0.9999905713982791	0.9999932374199105	0.9999924436538613	0.9999919877893901	0.9999919355332983	0.9999929747585032	0.9999883482302449	0.9999889474331081	0.9999866835144867	0.999981426943494	0.9999768235402291	0.9999546590780282
155-156	0.9999907965740467	0.9999912448698306	0.9999935379790256	0.9999926797896781	0.9999925600901479	0.9999925806906345	0.9999931699041004	0.9999895877802188	0.9999896105871217	0.9999871767176539	0.9999826488551063	0.999978335048475	0.9999570454423424
156-157	0.9999912348324254	0.9999915335004955	0.9999938385381406	0.9999938604687622	0.9999925600901479	0.9999925806906345	0.9999935601952947	0.9999898356902136	0.9999907158438109	0.9999881631239882	0.9999831376197512	0.999979090802598	0.9999606249888139
157-158	0.9999921113491829	0.9999920145516037	0.9999938385381406	0.9999945688762126	0.9999931323909057	0.9999932258479706	0.9999945359232805	0.9999903315102032	0.9999911579464866	0.9999889029287389	0.9999850926783309	0.9999806023108438	0.9999630113531282
158-159	0.9999929878659404	0.9999926880231552	0.9999945899359284	0.9999950411478463	0.9999945631428001	0.9999935484266387	0.999995121360072	0.9999910752401876	0.9999913789978245	0.9999901359366568	0.9999860702076208	0.9999823657371307	0.9999653977174424
159-160	0.9999929878659404	0.9999931690742634	0.999995040774601	0.9999952772836631	0.9999951354435579	0.9999941935839748	0.9999957067968634	0.9999915710601772	0.9999922632031759	0.999990629139824	0.9999868033545881	0.9999828695732127	0.9999665908995996
160-161	0.9999932069951297	0.9999933614947066	0.9999956418928312	0.9999952772836631	0.9999951354435579	0.9999945161626429	0.9999960970880578	0.999991818970172	0.9999929263571895	0.9999908757414075	0.9999870477369106	0.9999838772453766	0.9999665908995996
161-162	0.9999934261243191	0.9999936501253716	0.9999957921723888	0.9999952772836631	0.9999951354435579	0.9999945161626429	0.9999966825248493	0.9999923147901616	0.9999933684598652	0.9999913689445747	0.9999880252662005	0.9999861445077455	0.9999665908995996
162-163	0.9999936452535084	0.9999943235969231	0.9999960927315038	0.9999955134194799	0.9999957077443157	0.9999945161626429	0.9999968776704464	0.9999925627001564	0.9999933684598652	0.9999916155461583	0.9999887584131678	0.9999874040979504	0.9999677840817568
163-164	0.9999947408994553	0.999994612227588	0.9999965435701764	0.9999955134194799	0.9999959938946945	0.999994838741311	0.9999972679616408	0.999993058520146	0.9999935895112031	0.9999921087493255	0.9999892471778127	0.9999884117701143	0.9999701704460711
164-165	0.9999953982870233	0.9999948046480313	0.9999968441292915	0.9999957495552967	0.9999959938946945	0.999994838741311	0.9999972679616408	0.9999935543401356	0.9999944737165545	0.9999928485540762	0.9999897359424575	0.9999889156061963	0.9999701704460711
165-166	0.9999953982870233	0.9999949008582529	0.999996994408849	0.9999957495552967	0.9999965661954523	0.9999951613199791	0.9999976582528352	0.9999938022501303	0.9999944737165545	0.9999935883588269	0.99998998032478	0.9999891675242373	0.9999701704460711
166-167	0.9999953982870233	0.9999951894889179	0.999996994408849	0.9999959856911135	0.9999965661954523	0.9999954838986472	0.9999976582528352	0.9999947938901095	0.9999944737165545	0.9999935883588269	0.9999914466187148	0.9999899232783602	0.9999725568103853
167-168	0.9999953982870233	0.9999954781195828	0.9999974452475217	0.9999959856911135	0.9999968523458311	0.9999954838986472	0.9999976582528352	0.9999947938901095	0.9999944737165545	0.9999943281635776	0.9999914466187148	0.9999901751964012	0.9999761363568568
168-169	0.9999956174162127	0.999995670540026	0.9999975955270792	0.9999962218269303	0.99999713849621	0.9999958064773153	0.9999978533984323	0.9999947938901095	0.9999951368705681	0.9999945747651612	0.9999919353833596	0.9999906790324832	0.999977329539014
169-170	0.9999960556745914	0.999995959170691	0.9999978960861943	0.9999962218269303	0.99999713849621	0.9999961290559835	0.9999978533984323	0.9999950418001042	0.9999951368705681	0.9999950679683284	0.999992668530327	0.9999909309505242	0.999977329539014
170-171	0.9999960556745914	0.9999961515911342	0.9999978960861943	0.999996457962747	0.9999974246465888	0.9999970967919877	0.9999978533984323	0.9999950418001042	0.9999958000245817	0.9999958077730791	0.9999931572949718	0.9999911828685651	0.9999785227211712
171-172	0.9999964939329701	0.9999964402217991	0.9999980463657518	0.9999966940985638	0.9999974246465888	0.9999970967919877	0.9999978533984323	0.9999955376200939	0.9999960210759196	0.9999965475778297	0.9999934016772943	0.9999919386226881	0.9999785227211712
172-173	0.9999964939329701	0.9999966326422424	0.9999980463657518	0.9999966940985638	0.9999974246465888	0.9999970967919877	0.9999978533984323	0.9999957855300886	0.9999962421272575	0.9999965475778297	0.9999941348242617	0.9999924424587701	0.9999809090854854
173-174	0.9999967130621594	0.9999969212729073	0.9999980463657518	0.9999971663701975	0.9999974246465888	0.9999970967919877	0.9999980485440294	0.9999957855300886	0.9999964631785954	0.9999967941794133	0.9999946235889066	0.999993198212893	0.9999809090854854
174-175	0.9999969321913488	0.9999971136933505	0.9999981966453094	0.9999971663701975	0.9999979969473466	0.9999970967919877	0.9999982436896265	0.9999960334400834	0.9999964631785954	0.9999970407809969	0.9999951123535514	0.999993702048975	0.9999809090854854
175-176	0.9999969321913488	0.9999973061137938	0.999998346924867	0.9999974025060143	0.9999979969473466	0.9999977419493238	0.9999986339808209	0.9999962813500781	0.9999964631785954	0.9999972873825805	0.9999953567358739	0.9999944578030979	0.9999821022676426
176-177	0.9999969321913488	0.999997498534237	0.9999984972044246	0.9999974025060143	0.9999979969473466	0.9999977419493238	0.9999986339808209	0.9999965292600729	0.9999964631785954	0.9999972873825805	0.9999960898828413	0.9999944578030979	0.9999844886319569
177-178	0.9999971513205381	0.9999976909546803	0.9999986474839822	0.9999976386418311	0.9999979969473466	0.9999980645279919	0.9999986339808209	0.9999967771700676	0.9999966842299333	0.9999975339841641	0.9999960898828413	0.9999949616391799	0.9999856818141141
178-179	0.9999975895789168	0.9999978833751235	0.9999987977635397	0.9999981109134648	0.9999979969473466	0.9999980645279919	0.999998829126418	0.9999970250800624	0.9999969052812712	0.9999980271873313	0.9999968230298086	0.9999952135572209	0.9999868749962713
179-180	0.9999975895789168	0.9999979795853452	0.9999987977635397	0.9999985831850985	0.9999979969473466	0.99999838710666	0.9999990242720151	0.9999972729900571	0.9999969052812712	0.9999980271873313	0.9999968230298086	0.9999957173933028	0.9999868749962713
180-181	0.9999975895789168	0.9999979795853452	0.9999989480430973	0.9999988193209153	0.9999979969473466	0.99999838710666	0.9999990242720151	0.9999977688100468	0.9999969052812712	0.9999982737889149	0.9999970674121311	0.9999964731474258	0.9999880681784284
181-182	0.9999975895789168	0.9999979795853452	0.9999990983226549	0.9999988193209153	0.9999982830977254	0.99999838710666	0.9999992194176123	0.9999977688100468	0.9999969052812712	0.9999982737889149	0.9999970674121311	0.9999967250654668	0.9999880681784284
182-183	0.9999975895789168	0.9999980757955669	0.9999992486022125	0.9999988193209153	0.9999982830977254	0.99999838710666	0.9999992194176123	0.9999980167200415	0.9999975684352848	0.9999982737889149	0.9999970674121311	0.9999969769835078	0.9999880681784284
183-184	0.9999978087081062	0.9999982682160101	0.9999992486022125	0.9999988193209153	0.9999985692481043	0.99999838710666	0.9999992194176123	0.9999985125400311	0.9999977894866227	0.9999982737889149	0.999997556176776	0.9999969769835078	0.9999880681784284
184-185	0.9999978087081062	0.9999982682160101	0.9999992486022125	0.9999988193209153	0.9999985692481043	0.9999987096853281	0.9999994145632094	0.9999985125400311	0.9999980105379606	0.9999985203904985	0.999997556176776	0.9999972289015487	0.9999904545427427
185-186	0.9999978087081062	0.9999982682160101	0.9999992486022125	0.9999988193209153	0.9999985692481043	0.9999987096853281	0.9999996097088065	0.9999985125400311	0.9999980105379606	0.9999985203904985	0.9999978005590985	0.9999972289015487	0.9999904545427427
186-187	0.9999978087081062	0.9999983644262318	0.99999939888177	0.9999988193209153	0.9999985692481043	0.9999987096853281	0.9999996097088065	0.9999985125400311	0.9999980105379606	0.9999987669920821	0.9999978005590985	0.9999972289015487	0.9999916477248999
187-188	0.9999986852248637	0.9999983644262318	0.99999939888177	0.9999990554567321	0.9999985692481043	0.9999987096853281	0.9999996097088065	0.9999990083600208	0.9999980105379606	0.9999987669920821	0.9999978005590985	0.9999974808195897	0.9999916477248999
188-189	0.9999986852248637	0.9999984606364535	0.9999995491613276	0.9999990554567321	0.9999985692481043	0.9999990322639962	0.9999996097088065	0.9999990083600208	0.9999980105379606	0.9999987669920821	0.999998044941421	0.9999974808195897	0.9999916477248999
189-190	0.9999986852248637	0.9999984606364535	0.9999995491613276	0.9999990554567321	0.9999985692481043	0.9999990322639962	0.9999996097088065	0.9999992562700155	0.9999980105379606	0.9999990135936657	0.999998044941421	0.9999974808195897	0.9999916477248999
190-191	0.999998904354053	0.9999984606364535	0.9999995491613276	0.9999992915925489	0.9999985692481043	0.9999990322639962	0.9999996097088065	0.9999992562700155	0.9999980105379606	0.9999990135936657	0.9999982893237435	0.9999979846556717	0.9999928409070571
191-192	0.999998904354053	0.9999985568466752	0.9999995491613276	0.9999997638641825	0.9999985692481043	0.9999990322639962	0.9999996097088065	0.9999992562700155	0.9999984526406362	0.9999990135936657	0.9999982893237435	0.9999979846556717	0.9999928409070571
192-193	0.999998904354053	0.9999985568466752	0.9999995491613276	0.9999997638641825	0.9999988553984831	0.9999990322639962	0.9999996097088065	0.9999995041800103	0.9999984526406362	0.9999990135936657	0.999998533706066	0.9999982365737127	0.9999928409070571
193-194	0.999998904354053	0.9999986530568968	0.9999995491613276	0.9999997638641825	0.9999988553984831	0.9999990322639962	0.9999996097088065	0.9999995041800103	0.9999988947433119	0.9999990135936657	0.9999987780883884	0.9999989923278356	0.9999940340892143
194-195	0.999998904354053	0.9999986530568968	0.9999995491613276	0.9999997638641825	0.9999988553984831	0.9999990322639962	0.9999996097088065	0.9999995041800103	0.9999991157946498	0.9999990135936657	0.9999987780883884	0.9999989923278356	0.9999940340892143
195-196	0.999998904354053	0.9999987492671185	0.9999995491613276	0.9999999999999993	0.9999991415488619	0.9999990322639962	0.9999996097088065	0.9999995041800103	0.9999991157946498	0.9999990135936657	0.9999987780883884	0.9999989923278356	0.9999952272713715
196-197	0.9999991234832424	0.9999988454773402	0.9999995491613276	0.9999999999999993	0.9999991415488619	0.9999990322639962	0.9999996097088065	0.9999995041800103	0.9999991157946498	0.9999990135936657	0.9999990224707109	0.9999989923278356	0.9999964204535287
197-198	0.9999991234832424	0.9999989416875619	0.9999995491613276	0.9999999999999993	0.9999991415488619	0.9999990322639962	0.9999996097088065	0.9999995041800103	0.9999991157946498	0.9999992601952493	0.9999990224707109	0.9999989923278356	0.9999964204535287
198-199	0.9999993426124317	0.9999989416875619	0.9999995491613276	0.9999999999999993	0.9999991415488619	0.9999990322639962	0.9999996097088065	0.9999995041800103	0.9999991157946498	0.9999992601952493	0.9999990224707109	0.9999989923278356	0.9999964204535287
199-200	0.9999993426124317	0.9999990378977835	0.9999995491613276	0.9999999999999993	0.9999991415488619	0.9999993548426643	0.9999998048544037	0.9999995041800103	0.9999991157946498	0.9999995067968329	0.9999990224707109	0.9999989923278356	0.9999964204535287
200-201	0.9999993426124317	0.9999990378977835	0.9999995491613276	0.9999999999999993	0.9999991415488619	0.9999996774213324	0.9999998048544037	0.9999995041800103	0.9999993368459877	0.9999995067968329	0.9999990224707109	0.9999989923278356	0.9999964204535287
201-202	0.9999993426124317	0.9999990378977835	0.9999995491613276	0.9999999999999993	0.9999994276992408	0.9999996774213324	0.9999998048544037	0.9999995041800103	0.9999993368459877	0.9999995067968329	0.9999990224707109	0.9999989923278356	0.9999964204535287
202-203	0.9999993426124317	0.9999990378977835	0.9999996994408852	0.9999999999999993	0.9999994276992408	0.9999996774213324	0.9999998048544037	0.9999995041800103	0.9999993368459877	0.9999997533984165	0.9999992668530334	0.9999992442458766	0.9999964204535287
203-204	0.9999993426124317	0.9999990378977835	0.9999998497204428	0.9999999999999993	0.9999994276992408	0.9999996774213324	0.9999998048544037	0.9999995041800103	0.9999993368459877	0.9999997533984165	0.9999992668530334	0.9999992442458766	0.9999976136356858
204-205	0.9999995617416211	0.9999991341080052	0.9999998497204428	0.9999999999999993	0.9999994276992408	0.9999996774213324	0.9999998048544037	0.999999752090005	0.9999997789486634	0.9999997533984165	0.9999992668530334	0.9999992442458766	0.9999976136356858
205-206	0.9999995617416211	0.9999991341080052	0.9999998497204428	0.9999999999999993	0.9999994276992408	0.9999996774213324	0.9999998048544037	0.999999752090005	0.9999997789486634	0.9999997533984165	0.9999992668530334	0.9999992442458766	1.0000000000000002
206-207	0.9999999999999998	0.9999991341080052	0.9999998497204428	0.9999999999999993	0.9999994276992408	0.9999996774213324	0.9999998048544037	0.999999752090005	0.9999997789486634	0.9999997533984165	0.9999992668530334	0.9999992442458766	1.0000000000000002
207-208	0.9999999999999998	0.9999991341080052	1.0000000000000002	0.9999999999999993	0.9999994276992408	0.9999996774213324	0.9999998048544037	0.999999752090005	0.9999997789486634	0.9999997533984165	0.9999992668530334	0.9999992442458766	1.0000000000000002
208-209	0.9999999999999998	0.9999991341080052	1.0000000000000002	0.9999999999999993	0.9999994276992408	0.9999996774213324	0.9999998048544037	0.999999752090005	0.9999997789486634	0.9999997533984165	0.9999995112353559	0.9999992442458766	1.0000000000000002
209-210	0.9999999999999998	0.9999993265284485	1.0000000000000002	0.9999999999999993	0.9999994276992408	0.9999996774213324	0.9999998048544037	0.999999752090005	1.0000000000000013	0.9999997533984165	0.9999995112353559	0.9999992442458766	1.0000000000000002
210-211	0.9999999999999998	0.9999993265284485	1.0000000000000002	0.9999999999999993	0.9999994276992408	0.9999996774213324	0.9999998048544037	0.999999752090005	1.0000000000000013	1.0	0.9999995112353559	0.9999992442458766	1.0000000000000002
211-212	0.9999999999999998	0.9999993265284485	1.0000000000000002	0.9999999999999993	0.9999994276992408	0.9999996774213324	0.9999998048544037	0.999999752090005	1.0000000000000013	1.0	0.9999995112353559	0.9999992442458766	1.0000000000000002
212-213	0.9999999999999998	0.9999993265284485	1.0000000000000002	0.9999999999999993	0.9999994276992408	0.9999996774213324	0.9999998048544037	0.999999752090005	1.0000000000000013	1.0	0.9999995112353559	0.9999994961639176	1.0000000000000002
213-214	0.9999999999999998	0.9999993265284485	1.0000000000000002	0.9999999999999993	0.9999994276992408	0.9999996774213324	0.9999998048544037	0.999999752090005	1.0000000000000013	1.0	0.9999995112353559	0.9999994961639176	1.0000000000000002
214-215	0.9999999999999998	0.9999993265284485	1.0000000000000002	0.9999999999999993	0.9999994276992408	0.9999996774213324	0.9999998048544037	0.999999752090005	1.0000000000000013	1.0	0.9999995112353559	0.9999994961639176	1.0000000000000002
215-216	0.9999999999999998	0.9999993265284485	1.0000000000000002	0.9999999999999993	0.9999994276992408	0.9999996774213324	0.9999998048544037	0.999999752090005	1.0000000000000013	1.0	0.9999995112353559	0.9999997480819586	1.0000000000000002
216-217	0.9999999999999998	0.9999993265284485	1.0000000000000002	0.9999999999999993	0.9999994276992408	0.9999996774213324	0.9999998048544037	0.999999752090005	1.0000000000000013	1.0	0.9999997556176784	0.9999997480819586	1.0000000000000002
217-218	0.9999999999999998	0.9999993265284485	1.0000000000000002	0.9999999999999993	0.9999994276992408	0.9999996774213324	0.9999998048544037	0.999999752090005	1.0000000000000013	1.0	0.9999997556176784	0.9999997480819586	1.0000000000000002
218-219	0.9999999999999998	0.9999993265284485	1.0000000000000002	0.9999999999999993	0.9999994276992408	0.9999996774213324	0.9999998048544037	0.999999752090005	1.0000000000000013	1.0	0.9999997556176784	0.9999999999999996	1.0000000000000002
219-220	0.9999999999999998	0.9999994227386702	1.0000000000000002	0.9999999999999993	0.9999994276992408	0.9999996774213324	0.9999998048544037	0.999999752090005	1.0000000000000013	1.0	0.9999997556176784	0.9999999999999996	1.0000000000000002
220-221	0.9999999999999998	0.9999994227386702	1.0000000000000002	0.9999999999999993	0.9999997138496196	0.9999996774213324	0.9999998048544037	0.999999752090005	1.0000000000000013	1.0	0.9999997556176784	0.9999999999999996	1.0000000000000002
221-222	0.9999999999999998	0.9999994227386702	1.0000000000000002	0.9999999999999993	0.9999997138496196	0.9999996774213324	0.9999998048544037	0.999999752090005	1.0000000000000013	1.0	1.0000000000000009	0.9999999999999996	1.0000000000000002
222-223	0.9999999999999998	0.9999994227386702	1.0000000000000002	0.9999999999999993	0.9999997138496196	1.0000000000000004	0.9999998048544037	0.999999752090005	1.0000000000000013	1.0	1.0000000000000009	0.9999999999999996	1.0000000000000002
223-224	0.9999999999999998	0.9999994227386702	1.0000000000000002	0.9999999999999993	0.9999997138496196	1.0000000000000004	0.9999998048544037	0.999999752090005	1.0000000000000013	1.0	1.0000000000000009	0.9999999999999996	1.0000000000000002
224-225	0.9999999999999998	0.9999994227386702	1.0000000000000002	0.9999999999999993	0.9999997138496196	1.0000000000000004	0.9999998048544037	0.999999752090005	1.0000000000000013	1.0	1.0000000000000009	0.9999999999999996	1.0000000000000002
225-226	0.9999999999999998	0.9999995189488918	1.0000000000000002	0.9999999999999993	0.9999997138496196	1.0000000000000004	0.9999998048544037	0.999999752090005	1.0000000000000013	1.0	1.0000000000000009	0.9999999999999996	1.0000000000000002
226-227	0.9999999999999998	0.9999995189488918	1.0000000000000002	0.9999999999999993	0.9999997138496196	1.0000000000000004	0.9999998048544037	0.999999752090005	1.0000000000000013	1.0	1.0000000000000009	0.9999999999999996	1.0000000000000002
227-228	0.9999999999999998	0.9999995189488918	1.0000000000000002	0.9999999999999993	0.9999997138496196	1.0000000000000004	0.9999998048544037	0.999999752090005	1.0000000000000013	1.0	1.0000000000000009	0.9999999999999996	1.0000000000000002
228-229	0.9999999999999998	0.9999996151591135	1.0000000000000002	0.9999999999999993	0.9999997138496196	1.0000000000000004	0.9999998048544037	0.999999752090005	1.0000000000000013	1.0	1.0000000000000009	0.9999999999999996	1.0000000000000002
229-230	0.9999999999999998	0.9999996151591135	1.0000000000000002	0.9999999999999993	0.9999997138496196	1.0000000000000004	0.9999998048544037	0.999999752090005	1.0000000000000013	1.0	1.0000000000000009	0.9999999999999996	1.0000000000000002
230-231	0.9999999999999998	0.9999996151591135	1.0000000000000002	0.9999999999999993	0.9999997138496196	1.0000000000000004	1.0000000000000009	0.9999999999999998	1.0000000000000013	1.0	1.0000000000000009	0.9999999999999996	1.0000000000000002
231-232	0.9999999999999998	0.9999996151591135	1.0000000000000002	0.9999999999999993	0.9999999999999984	1.0000000000000004	1.0000000000000009	0.9999999999999998	1.0000000000000013	1.0	1.0000000000000009	0.9999999999999996	1.0000000000000002
232-233	0.9999999999999998	0.9999996151591135	1.0000000000000002	0.9999999999999993	0.9999999999999984	1.0000000000000004	1.0000000000000009	0.9999999999999998	1.0000000000000013	1.0	1.0000000000000009	0.9999999999999996	1.0000000000000002
233-234	0.9999999999999998	0.9999996151591135	1.0000000000000002	0.9999999999999993	0.9999999999999984	1.0000000000000004	1.0000000000000009	0.9999999999999998	1.0000000000000013	1.0	1.0000000000000009	0.9999999999999996	1.0000000000000002
234-235	0.9999999999999998	0.9999996151591135	1.0000000000000002	0.9999999999999993	0.9999999999999984	1.0000000000000004	1.0000000000000009	0.9999999999999998	1.0000000000000013	1.0	1.0000000000000009	0.9999999999999996	1.0000000000000002
235-236	0.9999999999999998	0.9999997113693352	1.0000000000000002	0.9999999999999993	0.9999999999999984	1.0000000000000004	1.0000000000000009	0.9999999999999998	1.0000000000000013	1.0	1.0000000000000009	0.9999999999999996	1.0000000000000002
236-237	0.9999999999999998	0.9999998075795569	1.0000000000000002	0.9999999999999993	0.9999999999999984	1.0000000000000004	1.0000000000000009	0.9999999999999998	1.0000000000000013	1.0	1.0000000000000009	0.9999999999999996	1.0000000000000002
237-238	0.9999999999999998	0.9999998075795569	1.0000000000000002	0.9999999999999993	0.9999999999999984	1.0000000000000004	1.0000000000000009	0.9999999999999998	1.0000000000000013	1.0	1.0000000000000009	0.9999999999999996	1.0000000000000002
238-239	0.9999999999999998	0.9999998075795569	1.0000000000000002	0.9999999999999993	0.9999999999999984	1.0000000000000004	1.0000000000000009	0.9999999999999998	1.0000000000000013	1.0	1.0000000000000009	0.9999999999999996	1.0000000000000002
239-240	0.9999999999999998	0.9999998075795569	1.0000000000000002	0.9999999999999993	0.9999999999999984	1.0000000000000004	1.0000000000000009	0.9999999999999998	1.0000000000000013	1.0	1.0000000000000009	0.9999999999999996	1.0000000000000002
240-241	0.9999999999999998	0.9999999037897785	1.0000000000000002	0.9999999999999993	0.9999999999999984	1.0000000000000004	1.0000000000000009	0.9999999999999998	1.0000000000000013	1.0	1.0000000000000009	0.9999999999999996	1.0000000000000002
241-242	0.9999999999999998	0.9999999037897785	1.0000000000000002	0.9999999999999993	0.9999999999999984	1.0000000000000004	1.0000000000000009	0.9999999999999998	1.0000000000000013	1.0	1.0000000000000009	0.9999999999999996	1.0000000000000002
242-243	0.9999999999999998	0.9999999037897785	1.0000000000000002	0.9999999999999993	0.9999999999999984	1.0000000000000004	1.0000000000000009	0.9999999999999998	1.0000000000000013	1.0	1.0000000000000009	0.9999999999999996	1.0000000000000002
243-244	0.9999999999999998	0.9999999037897785	1.0000000000000002	0.9999999999999993	0.9999999999999984	1.0000000000000004	1.0000000000000009	0.9999999999999998	1.0000000000000013	1.0	1.0000000000000009	0.9999999999999996	1.0000000000000002
244-245	0.9999999999999998	0.9999999037897785	1.0000000000000002	0.9999999999999993	0.9999999999999984	1.0000000000000004	1.0000000000000009	0.9999999999999998	1.0000000000000013	1.0	1.0000000000000009	0.9999999999999996	1.0000000000000002
245-246	0.9999999999999998	0.9999999037897785	1.0000000000000002	0.9999999999999993	0.9999999999999984	1.0000000000000004	1.0000000000000009	0.9999999999999998	1.0000000000000013	1.0	1.0000000000000009	0.9999999999999996	1.0000000000000002
246-247	0.9999999999999998	0.9999999037897785	1.0000000000000002	0.9999999999999993	0.9999999999999984	1.0000000000000004	1.0000000000000009	0.9999999999999998	1.0000000000000013	1.0	1.0000000000000009	0.9999999999999996	1.0000000000000002
247-248	0.9999999999999998	0.9999999037897785	1.0000000000000002	0.9999999999999993	0.9999999999999984	1.0000000000000004	1.0000000000000009	0.9999999999999998	1.0000000000000013	1.0	1.0000000000000009	0.9999999999999996	1.0000000000000002
248-249	0.9999999999999998	0.9999999037897785	1.0000000000000002	0.9999999999999993	0.9999999999999984	1.0000000000000004	1.0000000000000009	0.9999999999999998	1.0000000000000013	1.0	1.0000000000000009	0.9999999999999996	1.0000000000000002
249-250	0.9999999999999998	0.9999999037897785	1.0000000000000002	0.9999999999999993	0.9999999999999984	1.0000000000000004	1.0000000000000009	0.9999999999999998	1.0000000000000013	1.0	1.0000000000000009	0.9999999999999996	1.0000000000000002
250-251	0.9999999999999998	0.9999999037897785	1.0000000000000002	0.9999999999999993	0.9999999999999984	1.0000000000000004	1.0000000000000009	0.9999999999999998	1.0000000000000013	1.0	1.0000000000000009	0.9999999999999996	1.0000000000000002
251-252	0.9999999999999998	0.9999999037897785	1.0000000000000002	0.9999999999999993	0.9999999999999984	1.0000000000000004	1.0000000000000009	0.9999999999999998	1.0000000000000013	1.0	1.0000000000000009	0.9999999999999996	1.0000000000000002
252-253	0.9999999999999998	0.9999999037897785	1.0000000000000002	0.9999999999999993	0.9999999999999984	1.0000000000000004	1.0000000000000009	0.9999999999999998	1.0000000000000013	1.0	1.0000000000000009	0.9999999999999996	1.0000000000000002
253-254	0.9999999999999998	0.9999999037897785	1.0000000000000002	0.9999999999999993	0.9999999999999984	1.0000000000000004	1.0000000000000009	0.9999999999999998	1.0000000000000013	1.0	1.0000000000000009	0.9999999999999996	1.0000000000000002
254-255	0.9999999999999998	0.9999999037897785	1.0000000000000002	0.9999999999999993	0.9999999999999984	1.0000000000000004	1.0000000000000009	0.9999999999999998	1.0000000000000013	1.0	1.0000000000000009	0.9999999999999996	1.0000000000000002
255-256	0.9999999999999998	0.9999999037897785	1.0000000000000002	0.9999999999999993	0.9999999999999984	1.0000000000000004	1.0000000000000009	0.9999999999999998	1.0000000000000013	1.0	1.0000000000000009	0.9999999999999996	1.0000000000000002
256-257	0.9999999999999998	0.9999999037897785	1.0000000000000002	0.9999999999999993	0.9999999999999984	1.0000000000000004	1.0000000000000009	0.9999999999999998	1.0000000000000013	1.0	1.0000000000000009	0.9999999999999996	1.0000000000000002
257-258	0.9999999999999998	0.9999999037897785	1.0000000000000002	0.9999999999999993	0.9999999999999984	1.0000000000000004	1.0000000000000009	0.9999999999999998	1.0000000000000013	1.0	1.0000000000000009	0.9999999999999996	1.0000000000000002
258-259	0.9999999999999998	0.9999999037897785	1.0000000000000002	0.9999999999999993	0.9999999999999984	1.0000000000000004	1.0000000000000009	0.9999999999999998	1.0000000000000013	1.0	1.0000000000000009	0.9999999999999996	1.0000000000000002
259-260	0.9999999999999998	0.9999999037897785	1.0000000000000002	0.9999999999999993	0.9999999999999984	1.0000000000000004	1.0000000000000009	0.9999999999999998	1.0000000000000013	1.0	1.0000000000000009	0.9999999999999996	1.0000000000000002
260-261	0.9999999999999998	0.9999999037897785	1.0000000000000002	0.9999999999999993	0.9999999999999984	1.0000000000000004	1.0000000000000009	0.9999999999999998	1.0000000000000013	1.0	1.0000000000000009	0.9999999999999996	1.0000000000000002
261-262	0.9999999999999998	0.9999999037897785	1.0000000000000002	0.9999999999999993	0.9999999999999984	1.0000000000000004	1.0000000000000009	0.9999999999999998	1.0000000000000013	1.0	1.0000000000000009	0.9999999999999996	1.0000000000000002
262-263	0.9999999999999998	0.9999999037897785	1.0000000000000002	0.9999999999999993	0.9999999999999984	1.0000000000000004	1.0000000000000009	0.9999999999999998	1.0000000000000013	1.0	1.0000000000000009	0.9999999999999996	1.0000000000000002
263-264	0.9999999999999998	0.9999999037897785	1.0000000000000002	0.9999999999999993	0.9999999999999984	1.0000000000000004	1.0000000000000009	0.9999999999999998	1.0000000000000013	1.0	1.0000000000000009	0.9999999999999996	1.0000000000000002
264-265	0.9999999999999998	1.0000000000000002	1.0000000000000002	0.9999999999999993	0.9999999999999984	1.0000000000000004	1.0000000000000009	0.9999999999999998	1.0000000000000013	1.0	1.0000000000000009	0.9999999999999996	1.0000000000000002
