bins	0-1	1-2	2-3	3-4	4-5	5-6	6-8	8-10	10-12	12-15	15-19	19-24	24-34	34-265
0-1	0.0	0.0434024239786	0.0646375050971	0.0779670976288	0.084234743576	0.0889336711711	0.0928708218643	0.0948244317061	0.0948459452565	0.0950555639088	0.0944923422094	0.0945656459609	0.0943876911946	0.092545229459
1-2	0.103305322818	0.179108918129	0.213425990595	0.2271170732	0.231519199246	0.235566656878	0.24209629971	0.244025046584	0.243705533877	0.243933548651	0.242389969197	0.242233187518	0.240707189039	0.234662913759
2-3	0.175229820914	0.26415787838	0.303369989883	0.316384820637	0.317957608802	0.320698689283	0.325784290192	0.326892542219	0.326070730071	0.325637443091	0.323668162006	0.322799650044	0.320078704885	0.310902754395
3-4	0.233310662975	0.324055110248	0.363539713379	0.374033180305	0.373523559334	0.374455635017	0.377491287611	0.377674575163	0.376308827559	0.37535661049	0.372749231137	0.370942432196	0.367747471792	0.355798524511
4-5	0.290117402723	0.377388846529	0.415446192615	0.424238594441	0.421432936135	0.421028922914	0.422629257857	0.421669175101	0.419677529077	0.418564827047	0.415367005638	0.412849460484	0.408854809104	0.39496815338
5-6	0.345885330023	0.427813391957	0.463640455399	0.471166245662	0.467661434851	0.466241177865	0.466790949979	0.464449925912	0.462372093463	0.460848908645	0.457297118912	0.45416389618	0.449613969862	0.433772841557
6-7	0.398096612633	0.474337983982	0.507599391033	0.514337955904	0.510933477882	0.508226281045	0.508795438896	0.505309083664	0.502878900972	0.501244677096	0.497480644759	0.493939924176	0.488947729783	0.471670218622
7-8	0.447052283177	0.517440238763	0.548462696528	0.555044915364	0.551534391798	0.548265582638	0.548284592432	0.544403299967	0.541865947335	0.539917408873	0.535993678483	0.532391251094	0.526625952656	0.508424383684
8-9	0.492466302993	0.557248391849	0.586232135576	0.592687486562	0.589092443943	0.585740256052	0.585162044297	0.581370267766	0.578491387863	0.576307283903	0.572462151599	0.56865791776	0.562307255617	0.543250008569
9-10	0.533890391062	0.593484939878	0.62042234046	0.626683539678	0.623093549195	0.619551450323	0.618907416525	0.615040723393	0.612329103639	0.610036246976	0.606022182181	0.602164129484	0.59532033729	0.575870363388
10-11	0.571861254333	0.62680004525	0.651915862071	0.657821466694	0.654217145329	0.650855208072	0.650054052728	0.646246527054	0.643823637789	0.641118823577	0.637374247508	0.633166520852	0.626260494657	0.606351480228
11-12	0.606743361423	0.657333582726	0.680743741367	0.686590935079	0.683232805966	0.68002616679	0.679013699782	0.675274873363	0.67301467323	0.669963690211	0.666456269832	0.66230714494	0.655176557358	0.634936820903
12-13	0.638286044043	0.685305676383	0.707022381942	0.712506107166	0.709489066522	0.706577876082	0.705535104487	0.701673481012	0.699516246374	0.696502930419	0.693112454037	0.688894488189	0.681600610073	0.661385947969
13-14	0.66734434249	0.710735724913	0.730959899314	0.736126133963	0.733440335977	0.730854771102	0.729664522663	0.725734364663	0.723699675923	0.720855496149	0.717384452288	0.713117993584	0.705819686157	0.685634845586
14-15	0.693885962076	0.733879791017	0.752830371038	0.757652900719	0.755338373067	0.752826006911	0.751582422088	0.747965236196	0.745704324493	0.742907146421	0.73964433056	0.735348614756	0.727832511792	0.707801464199
15-16	0.718005480101	0.755121968751	0.772646142949	0.777392244433	0.775197475202	0.772744769052	0.771509569173	0.768035922222	0.765811751812	0.763228300985	0.759925330484	0.755688538933	0.748194471041	0.72843472703
16-17	0.740384160686	0.774530459822	0.7910777703	0.795529636918	0.793398699433	0.791084013261	0.789926393676	0.786539288826	0.784219427621	0.781808360163	0.778586301484	0.774335608049	0.76706818783	0.747583528069
17-18	0.76078325382	0.792463425302	0.807728775392	0.811902038056	0.810055803412	0.807714576354	0.806764913559	0.80349662456	0.801316622417	0.798950003671	0.795758207579	0.791595450569	0.784313966933	0.765359264957
18-19	0.779493796152	0.808755057443	0.823130029164	0.826896257792	0.825246490452	0.82283952085	0.822052812231	0.819032849039	0.816839728267	0.814673253124	0.811608458433	0.807273024205	0.800214595646	0.781672214706
19-20	0.796716860557	0.823856018433	0.837280120665	0.840760138989	0.83910503188	0.83688039425	0.836270169026	0.833335140852	0.831218643411	0.829112763701	0.826113424453	0.821884397784	0.814933971714	0.796941252614
20-21	0.812564325058	0.837636030759	0.850231255141	0.853489304732	0.852026782157	0.849986280428	0.849268054224	0.846532034651	0.844436360888	0.842336844444	0.83933438238	0.835338582677	0.828641512751	0.811277776322
21-22	0.827120002061	0.850294798823	0.862051158322	0.865055305068	0.863806604533	0.861900138224	0.861150893841	0.858577338296	0.856552405068	0.854476617305	0.851586126465	0.847674307378	0.841102411887	0.824430259027
22-23	0.84061956589	0.861926253125	0.872936305364	0.875919357513	0.874584986601	0.872884792224	0.871946721706	0.869550582603	0.867709917894	0.865696966176	0.862922323918	0.85889063867	0.852641067764	0.836565545163
23-24	0.852899620807	0.872679661474	0.882981582835	0.885742251081	0.88454717306	0.882983939426	0.882089361337	0.879661439725	0.877980234129	0.876058348484	0.873265677935	0.869349198017	0.86335981032	0.847937177779
24-25	0.864231980429	0.882609136007	0.892212387882	0.894836388147	0.893623541742	0.892167377493	0.891352089134	0.889009925687	0.887352488213	0.885605125848	0.882873310534	0.878941732283	0.873146119084	0.858302703182
25-26	0.874700841623	0.891708346623	0.900619196575	0.903188637964	0.902118689636	0.900639454147	0.899893296235	0.897558283436	0.896041629267	0.894301573424	0.891604645658	0.88790994459	0.882305285447	0.868166687165
26-27	0.884198555428	0.900092051887	0.908326878225	0.91078915247	0.909678289632	0.90845543324	0.907750477889	0.90540773401	0.903963094889	0.902295301555	0.89969237473	0.896315893847	0.890843678494	0.877277098863
27-28	0.893011929427	0.907743099274	0.915523442273	0.917829968853	0.91668526366	0.915525992966	0.914855301635	0.912642226606	0.911231682083	0.909632242181	0.907102455115	0.903860484106	0.89860886483	0.885689385065
28-29	0.901192096875	0.914797483806	0.922049451069	0.924110843207	0.923201774371	0.922051625432	0.921377372144	0.919363383932	0.917951794707	0.91644587274	0.913934211206	0.910949198017	0.905895096103	0.893504358118
29-30	0.908710223229	0.921302987521	0.92811302013	0.930022962395	0.929148253571	0.928215472464	0.927407098516	0.925520193798	0.924196184771	0.922684372579	0.920333425582	0.917394925634	0.912639530692	0.900698831182
30-31	0.915604754547	0.927303512715	0.933648892896	0.935445961228	0.93458375578	0.933628759307	0.93296865993	0.931192187021	0.929850055273	0.928435287194	0.926240023005	0.923380577428	0.918896518107	0.907423014652
31-32	0.921999102669	0.932849087588	0.938732555334	0.940411572347	0.939677363408	0.938795929239	0.938118474469	0.936463312796	0.935116072525	0.933807361438	0.931551475067	0.928908019831	0.924688987048	0.913689510072
32-33	0.92786866212	0.937893155285	0.94346665425	0.945082288755	0.944351994768	0.94349785467	0.942832362954	0.941289789006	0.940019274559	0.93869930949	0.936611412133	0.934132166812	0.929997830266	0.919638950664
33-34	0.933339535964	0.942593968274	0.947800748087	0.949286316502	0.948585271306	0.947816788772	0.947168846005	0.945697322583	0.944445809201	0.943272089436	0.941263638581	0.938907903179	0.935033652113	0.925063158935
34-35	0.938340598997	0.946930902684	0.951738716964	0.953257273477	0.952500896696	0.951770724426	0.951117410936	0.94980520975	0.948594563441	0.94744836288	0.945486927828	0.943286555847	0.939596463375	0.93012746713
35-36	0.942962968374	0.950921315239	0.95538673507	0.956854551254	0.956065924735	0.955398217805	0.954767766002	0.953620278912	0.952415461219	0.951329023059	0.949465510605	0.947328783902	0.943889225507	0.934815241214
36-37	0.947187421065	0.954575211578	0.958775843362	0.96011425939	0.959243679457	0.958726900835	0.958123065009	0.957091919549	0.955885826586	0.954923884492	0.953161339261	0.951084514436	0.947820648313	0.939158741136
37-38	0.951144289204	0.957938740163	0.961908863746	0.963109164113	0.962277838455	0.961860875187	0.961269161561	0.960253470335	0.959133684181	0.958179556203	0.956534764139	0.954567745698	0.951442109067	0.943253234564
38-39	0.954771674637	0.961047431226	0.96476886479	0.965883034581	0.965108103958	0.964735880568	0.964183979017	0.963147106705	0.96217793063	0.961169843364	0.959671893079	0.957845202683	0.954803711222	0.947014039127
39-40	0.958103794357	0.963893933683	0.96740664079	0.968482375527	0.967786692593	0.967370552465	0.966837731432	0.965841514363	0.964923137974	0.96397129921	0.962623189282	0.960810498688	0.95795895508	0.950613039875
40-41	0.961182554564	0.966539710751	0.969849352584	0.970840438983	0.97016192749	0.969822725138	0.969330289327	0.96834191503	0.967521896465	0.966522681153	0.965246074183	0.963565820939	0.960892979444	0.953858189289
41-42	0.9640367898	0.968972714824	0.972087828981	0.973060629587	0.972426512868	0.972014643635	0.971617148995	0.970656743791	0.969875471235	0.968925667593	0.9678225009	0.966190026247	0.963586677067	0.95690423432
42-43	0.96665496625	0.971235623019	0.974138295936	0.975087688775	0.974378420111	0.974104388271	0.973704618048	0.972782385611	0.972061338448	0.971166125625	0.970115772994	0.968618256051	0.966120723001	0.959801077079
43-44	0.969106671275	0.973319859072	0.976069890129	0.976889336793	0.976235218499	0.975964081068	0.975626687505	0.974760614251	0.97406060148	0.973236596215	0.972181560186	0.970864041995	0.968448835243	0.962461514887
44-45	0.971273491021	0.975271163051	0.97780395095	0.978636273362	0.97794158327	0.977767867413	0.977407186122	0.976564517768	0.975919084647	0.975181048402	0.974106370819	0.97291245261	0.970598188548	0.964943514843
45-46	0.973306902951	0.977071974039	0.979425841034	0.980187890058	0.979542893162	0.979430923722	0.979034549943	0.978240288303	0.977645763849	0.976955120567	0.975907826962	0.974805949256	0.972569632126	0.967276312526
46-47	0.97516999885	0.978719637477	0.980925330974	0.981602728132	0.981096959438	0.980912123411	0.98053576153	0.979782704136	0.979269456439	0.978602781748	0.977571110058	0.976500204141	0.974451059327	0.969415046444
47-48	0.976957740479	0.980251112974	0.982289722198	0.982951365352	0.982493754208	0.982309142119	0.981979153343	0.981242375786	0.98070937934	0.980074174197	0.979129461738	0.978119335083	0.976161795096	0.971407098399
48-49	0.978615149976	0.981651494169	0.983572278166	0.984177448925	0.983801656386	0.983555149145	0.983290786156	0.982564676026	0.982067574335	0.981443495664	0.980540428833	0.979616681248	0.977845780716	0.973297329884
49-50	0.98018913153	0.982976322572	0.984739136017	0.985315447066	0.984990206274	0.984693841487	0.984476617158	0.983826323977	0.983303886091	0.982740582284	0.98188130815	0.981028638087	0.979392618742	0.975024245369
50-51	0.981603946411	0.984180674903	0.985853435881	0.986322684844	0.986032673933	0.985823537388	0.985581850899	0.984944575456	0.984483980385	0.983998410833	0.983168520255	0.982294546515	0.980766642308	0.976666478484
51-52	0.982924952913	0.985290075753	0.986873554655	0.987303114012	0.987032870988	0.986849131619	0.986596325115	0.986048768457	0.985592739916	0.985115695494	0.984327972353	0.983519393409	0.982076975042	0.978162533697
52-53	0.984124469877	0.986328211943	0.98779349579	0.988211871181	0.987987689309	0.987798256104	0.987541766026	0.987042501991	0.986592371432	0.986148967886	0.985434958742	0.984612190143	0.983273088882	0.979581971527
53-54	0.98522825616	0.987306722687	0.98865100227	0.989057163069	0.988791452387	0.98868761852	0.988420626591	0.987964336454	0.987528226835	0.987097442847	0.986417389138	0.98563079615	0.984380884768	0.980878922356
54-55	0.98626207062	0.988190486147	0.989475351362	0.989832424303	0.989589620826	0.989499225985	0.989266196983	0.988814673516	0.988397471631	0.987961512959	0.987346552823	0.986609740449	0.985460656686	0.982145629482
55-56	0.987227066639	0.989032797671	0.990199522816	0.99052288279	0.990363545832	0.990238861925	0.990036776881	0.98959471819	0.989194909249	0.988789858227	0.988198419701	0.987518693497	0.986441495512	0.983269687139
56-57	0.98810517457	0.989812420797	0.990900766288	0.991219359537	0.991056037765	0.990905241134	0.990745331929	0.990328570723	0.989965419174	0.989561279295	0.989043878554	0.98836138816	0.987354822054	0.984309062425
57-58	0.988943298602	0.99053854438	0.991549099036	0.99182282682	0.991688853553	0.99155555527	0.991382751135	0.991018239469	0.990655618439	0.990254184223	0.989795620035	0.989185885098	0.988210402242	0.985312145267
58-59	0.989726829235	0.991193607499	0.992128295104	0.992433406592	0.992268209461	0.9921602446	0.991968658178	0.991651272634	0.991312276193	0.99092903044	0.990485283769	0.989953455818	0.988987005796	0.986243651343
59-60	0.990461148914	0.991800888583	0.992679977594	0.992964107648	0.992810267778	0.992700031038	0.992514266591	0.992263017247	0.991890512949	0.991547345036	0.991116874774	0.990617906095	0.98970543839	0.987133824357
60-61	0.991113194033	0.992393875895	0.993187215076	0.993461981835	0.993343001698	0.993190979655	0.993037097517	0.992807682838	0.992445128922	0.992116194464	0.991723234178	0.991263692038	0.990380985824	0.987922176901
61-62	0.991740633676	0.992905592908	0.993662706123	0.993925387808	0.993798032303	0.993665220596	0.993521031505	0.993303746263	0.992969037878	0.992654030018	0.992291946434	0.991853484981	0.99102001718	0.98869994415
62-63	0.992331934025	0.993380758705	0.994097279542	0.994335176562	0.994231305981	0.994116327833	0.993985692234	0.993792981285	0.993441453528	0.993153392663	0.99280538947	0.992393350831	0.991635270624	0.989424280855
63-64	0.992850571328	0.99383611742	0.994484938786	0.994721439393	0.994628525322	0.994539803145	0.99438412304	0.994218752322	0.993908672607	0.993604467882	0.993294802411	0.992914552348	0.992206365092	0.990072504239
64-65	0.993343065312	0.994253495542	0.994873656244	0.99508910033	0.994997771469	0.994956852428	0.994769588201	0.994623636478	0.994322508716	0.994029240195	0.993730548138	0.993371361913	0.992698907532	0.990713670759
65-66	0.993805955832	0.994633301465	0.995225336195	0.99543378246	0.995344639062	0.995293576349	0.995148044903	0.994994780288	0.994713668874	0.994447731217	0.994162689352	0.993812306795	0.993176588778	0.991306447353
66-67	0.99426000376	0.995011065421	0.995544211496	0.995748920406	0.995677830872	0.995610379579	0.995476741558	0.995335798789	0.9950736496	0.994804194489	0.994563591442	0.994222455526	0.993599071303	0.991881581786
67-68	0.99466099613	0.995332675275	0.995851446438	0.996039438201	0.995955076295	0.995918828972	0.995802985252	0.995662357141	0.995396781905	0.995139458404	0.9949312519	0.994612073491	0.99402410146	0.992423952207
68-69	0.995032385036	0.995660206835	0.996142808163	0.996321749278	0.996229835213	0.996187436985	0.996090682431	0.995952363451	0.995695348596	0.995474722318	0.995259663202	0.994973694955	0.99442790134	0.992884664628
69-70	0.995367250188	0.995959150852	0.996421824051	0.996573421944	0.99649589136	0.99645218938	0.996358055083	0.99623674637	0.995994387702	0.995776224292	0.995545220835	0.995311519393	0.994784570004	0.993332775505
70-71	0.995676740943	0.996227873753	0.99666239148	0.996804304259	0.996725271542	0.99669573588	0.996617017586	0.996489397297	0.996267443948	0.996072622718	0.995854408061	0.995603616215	0.995109393251	0.993755179234
71-72	0.995962779604	0.996481077701	0.996877914499	0.997040110605	0.996939732688	0.996923217307	0.996848997528	0.996730399771	0.996525855309	0.99631641533	0.996140766696	0.995875648877	0.995445680849	0.99414733926
72-73	0.996236131066	0.996718966895	0.99708920466	0.997220111272	0.99713181528	0.997112785163	0.997074669858	0.996934046861	0.996760645887	0.996557852458	0.996397087713	0.996149081365	0.995739507891	0.994515304322
73-74	0.99648372367	0.996942562318	0.997281799698	0.997406130199	0.997338195281	0.99730042521	0.997276863855	0.997115200388	0.996988822646	0.996780445713	0.996621368602	0.996389851269	0.996013803077	0.994866131286
74-75	0.996715553391	0.997153293346	0.997470867355	0.997566434745	0.997511629078	0.997485494846	0.997458733326	0.997316035782	0.997197157947	0.996989298643	0.996841243974	0.996614756489	0.996264744959	0.995186210484
75-76	0.99693277361	0.997346667652	0.997637712507	0.997729474863	0.997677603356	0.997653214203	0.997623081654	0.997494779284	0.99739887943	0.997200507057	0.997043497276	0.996840128317	0.99650804394	0.995499232818
76-77	0.997133846486	0.997518601301	0.9977929173	0.997889232294	0.997840469502	0.997819005752	0.997774814758	0.99765062755	0.997571783558	0.997380701597	0.99723373553	0.997029104695	0.996731811066	0.995784027695
77-78	0.997338763967	0.997676853769	0.997940009115	0.998027105146	0.997970389443	0.99797580086	0.997926547862	0.997796032376	0.997725318644	0.997547940973	0.997419568267	0.997223213765	0.996951756742	0.996051180412
78-79	0.997511771221	0.997838781779	0.998075813308	0.998166072227	0.998104660769	0.99811524569	0.998062862359	0.997937822165	0.997870350249	0.997710861962	0.997600194484	0.997407524059	0.997147499901	0.996302707215
79-80	0.997671706817	0.997988866377	0.998201740833	0.998293002789	0.998230850951	0.998255975725	0.998204783623	0.998076398588	0.998009712866	0.997856116819	0.9977555891	0.99757596967	0.997321163572	0.99652298219
80-81	0.99781703291	0.998115468352	0.998319908119	0.998408991061	0.998346473482	0.998372929453	0.998319722325	0.998205334911	0.998136792676	0.997989986837	0.997908981208	0.997734616506	0.997501620932	0.996728639376
81-82	0.997964665767	0.998238394785	0.998428904212	0.998521149531	0.998462717639	0.9984718903	0.99844237033	0.998324229465	0.998256786251	0.998125034596	0.998047554758	0.997869932925	0.997649383664	0.996941353426
82-83	0.998110376322	0.998353153349	0.998543544116	0.998612517651	0.998566529266	0.998556713883	0.998549249307	0.998438303969	0.998378669489	0.998246734612	0.99817171025	0.998005715952	0.997801392451	0.997152555291
83-84	0.998226867873	0.99845994824	0.998629964966	0.998702244428	0.998659773243	0.998645393083	0.99865087194	0.998542738375	0.998484490594	0.998362938498	0.998289057215	0.998120968212	0.997945333734	0.997327464711
84-85	0.998334516831	0.998550815786	0.998713211173	0.998801272151	0.99875115234	0.998751422562	0.998733221315	0.998637934352	0.998586532375	0.99846579464	0.998395590638	0.998246952464	0.99806974316	0.997491788834
85-86	0.998436783341	0.998649034415	0.998795751904	0.998881697981	0.99883134216	0.998844599983	0.998815220267	0.998730318633	0.998679125842	0.998564724976	0.998501323057	0.998345406824	0.998183962054	0.997643511415
86-87	0.998529822798	0.998733163469	0.998871943347	0.998955558437	0.998907802221	0.998922354934	0.998895116682	0.998807439425	0.998766050322	0.998651092729	0.998592236918	0.998455059784	0.998287141203	0.997781120267
87-88	0.998622093334	0.998814229572	0.998949545744	0.99902777755	0.998973694631	0.998984044813	0.99896800464	0.998889781937	0.998842109241	0.998750023064	0.998693964321	0.998549314669	0.998399661674	0.997914696625
88-89	0.998712441567	0.998884677445	0.999025031711	0.999080300541	0.999042073547	0.999056016338	0.999036687523	0.998965296045	0.998921947486	0.998828539203	0.998768457616	0.998637970254	0.998491376474	0.998034663317
89-90	0.998790871522	0.998955329514	0.999095226606	0.999136653333	0.999107344331	0.99911192279	0.999092404759	0.999031170055	0.998996116743	0.998897633406	0.998843351413	0.99871496063	0.998593281806	0.998152613762
90-91	0.998867379175	0.999023327026	0.999158013999	0.999192459012	0.999156452825	0.999174897874	0.999152677494	0.999093429027	0.999057530778	0.998965549866	0.998904227655	0.998796150481	0.998675230678	0.998275100762
91-92	0.998933890852	0.999081727292	0.999207397343	0.999241699316	0.999217372223	0.999224378298	0.999204890502	0.999144441218	0.999110913746	0.999037392134	0.998972312925	0.998863808691	0.998763124027	0.998369864367
92-93	0.99900001807	0.999145436673	0.999251842351	0.999300240566	0.99926958885	0.999266147486	0.999253248858	0.9991914367	0.999170438118	0.999100205045	0.99903679368	0.998937999417	0.998840826843	0.998476725454
93-94	0.999068836511	0.999197302643	0.999300520218	0.999347292412	0.999322427103	0.999310487087	0.999297752563	0.999238432183	0.999221931424	0.999149277632	0.999096067915	0.999006124234	0.998923624926	0.998570984997
94-95	0.999126121135	0.999250802187	0.999339321416	0.999390514457	0.999362832827	0.999361895319	0.999334546965	0.999285829336	0.999272952314	0.999205809252	0.999150536131	0.999077981919	0.998990712603	0.998657683615
95-96	0.999179561154	0.999298175829	0.999382002734	0.999421152869	0.999406968309	0.999395953272	0.999373093481	0.999330013123	0.999321611126	0.999249385709	0.999207807859	0.999133508311	0.999055252647	0.998732284751
96-97	0.999231847791	0.99934309911	0.9994232731	0.999466563371	0.999451725418	0.999437722461	0.999410238305	0.999374196909	0.999360821625	0.999292962167	0.999257470055	0.999194167396	0.999112574396	0.998808902133
97-98	0.999282981046	0.99938434685	0.999453608582	0.999503767157	0.999487158129	0.99947949165	0.999444579747	0.999412355634	0.999397670046	0.999343605076	0.999297119713	0.99924922718	0.999174991412	0.998871405788
98-99	0.999326040629	0.999427228164	0.999483944064	0.999534952683	0.999528185478	0.999518047824	0.999479972457	0.999446095981	0.999436408129	0.999382863146	0.999339572881	0.999299620881	0.999225944079	0.998933405381
99-100	0.99936717791	0.999461737412	0.999516043237	0.999568873781	0.999553050539	0.999547607557	0.999512211361	0.99948144301	0.9994656979	0.99942486928	0.999380824545	0.99934488189	0.999276047534	0.998989356233
100-101	0.999405239505	0.999492571119	0.999547084196	0.999597870849	0.999579780479	0.999581022908	0.999545851957	0.999509158295	0.999501129073	0.99945823864	0.999418071192	0.999382677165	0.999320631117	0.999048331455
101-102	0.999444454483	0.999522996432	0.999576714202	0.999631244833	0.999606510419	0.999611867847	0.99957423621	0.999543300312	0.999532308506	0.999488074772	0.999452914831	0.999418139399	0.999364365489	0.999095209196
102-103	0.999479824855	0.999556076303	0.999600700397	0.999652582298	0.999633240359	0.999630503332	0.999601569194	0.999577040658	0.999563015524	0.999519481228	0.999491763485	0.999449868766	0.999398758538	0.999150655986
103-104	0.999516348609	0.999580988304	0.999628213974	0.99967720245	0.999657483793	0.999655564845	0.999619090337	0.999603952601	0.999593250125	0.999548139619	0.999522602107	0.999480198309	0.999433576194	0.999204590591
104-105	0.999552872363	0.999611413617	0.999649378264	0.999700181259	0.999677375841	0.999674200329	0.999648175436	0.999629257861	0.99962206748	0.999576012848	0.99955103772	0.999502595509	0.99946924306	0.999245923653
105-106	0.999580553523	0.999636325619	0.999673717197	0.999718783152	0.999701619275	0.999699904445	0.999673756305	0.999652554767	0.999641908937	0.999600352852	0.999574266812	0.999527325751	0.999498540843	0.999295321702
106-107	0.999610925908	0.999657562079	0.99969241232	0.999740667731	0.999719646444	0.999717897326	0.999693730409	0.999669826611	0.999660333148	0.999623907693	0.99960670744	0.999559055118	0.999527414021	0.999330101962
107-108	0.999631686778	0.999681044703	0.999712871133	0.999755439823	0.999740160119	0.999737818016	0.999713003667	0.999685893442	0.999679702189	0.999650603181	0.999629936533	0.999580052493	0.999552041143	0.999368914715
108-109	0.99964668074	0.999697788835	0.999728038875	0.999775135944	0.999754457528	0.999752597883	0.999731576079	0.99969995192	0.999695291906	0.999669839635	0.999658772647	0.999608515602	0.999575819053	0.999411759962
109-110	0.999667826072	0.999715962344	0.999746028521	0.999787719578	0.999766890059	0.999765449941	0.999749097223	0.999721642143	0.999718440272	0.999689076089	0.999680399733	0.999629979586	0.999608513681	0.999445028036
110-111	0.999690893705	0.999732298083	0.999766134596	0.999798661867	0.999779322589	0.999777659396	0.999765216675	0.999737708974	0.99973497482	0.999708312543	0.999702827822	0.999648177311	0.999636537647	0.999477792048
111-112	0.999711270115	0.999748225428	0.999781302338	0.999808509928	0.999799836264	0.999784728028	0.999782737819	0.999757792514	0.999753871446	0.999731082223	0.999721651396	0.999675240595	0.999661164769	0.99950753169
112-113	0.999732030986	0.999763540183	0.999792589959	0.999819999333	0.99981289042	0.999804006115	0.999796053888	0.999771449321	0.999772295657	0.999747178032	0.999735668952	0.999694371537	0.999686641103	0.999537271332
113-114	0.99974817833	0.999778242348	0.999805994009	0.999829847393	0.999826566204	0.999813002556	0.999808669111	0.999781892761	0.999791192283	0.999760918356	0.99975289052	0.999715368912	0.999702351508	0.999562474419
114-115	0.99976201891	0.999792536119	0.999819045321	0.999835865653	0.999836512228	0.999821998996	0.99981707926	0.99979635291	0.999803002674	0.999774658681	0.999766107072	0.999730766987	0.99971933573	0.999592214061
115-116	0.99977547503	0.999805400514	0.999830332942	0.999847355057	0.999850809637	0.999834208451	0.999826190255	0.999808804704	0.999817175143	0.999788006424	0.999781326133	0.999751297754	0.99973462153	0.999613384654
116-117	0.99978893115	0.999818264908	0.999840209611	0.999855561774	0.999861998915	0.999847703112	0.999836352518	0.999820854828	0.999826151041	0.999803317071	0.999794542685	0.999765762613	0.999757125624	0.999636067431
117-118	0.999801618348	0.999830312515	0.999849028065	0.999863768492	0.999870080059	0.99985605695	0.999846865205	0.999830494927	0.999833709691	0.999814309331	0.999804555225	0.99978349373	0.999770288396	0.999659758333
118-119	0.999815458929	0.999840318155	0.99985573009	0.999871428095	0.99987878283	0.999870194214	0.999856677045	0.999843750063	0.999841268342	0.999825694171	0.999814968266	0.999793292505	0.99978430038	0.99967941674
119-120	0.999826608285	0.999847669237	0.999864548545	0.999879634812	0.999886242349	0.999878548052	0.999862984657	0.999855398516	0.999849771823	0.999834723527	0.999825781809	0.99980589093	0.999793217096	0.999696554839
120-121	0.999833528575	0.999858287467	0.99987689438	0.999885105957	0.999892458614	0.999892042713	0.999873497343	0.999867046969	0.999858275305	0.999844930625	0.99983619485	0.999817556139	0.999807229079	0.999710668567
121-122	0.99984352455	0.999866455337	0.999883243667	0.999888935758	0.999898053252	0.999896540933	0.99988295876	0.999876687068	0.999866778787	0.999856315465	0.999847809396	0.999826888306	0.999822514879	0.999724278234
122-123	0.999855827288	0.999874214813	0.99989241486	0.999895501132	0.999901783011	0.99990039655	0.999889616795	0.999881507117	0.99987292019	0.999862989337	0.99985381692	0.999832020997	0.999834403835	0.99974343258
123-124	0.999863516499	0.999881565895	0.99989805867	0.999902613621	0.999909864156	0.999905537373	0.999895223561	0.99988833552	0.999881423672	0.999872411274	0.999867033473	0.999839953339	0.999842046735	0.999758554432
124-125	0.999873128013	0.999887079207	0.999905113434	0.999907537651	0.999914215542	0.999910678197	0.999900129481	0.999897172278	0.999890399569	0.999880262888	0.999875444006	0.999853951589	0.999855634112	0.999770147851
125-126	0.999879663843	0.999893613502	0.999911109982	0.999915197254	0.999914837168	0.999914533814	0.999907838784	0.999902393998	0.999897485804	0.999889684824	0.999881051028	0.999860484106	0.999863701618	0.999785269703
126-127	0.999885430752	0.999899535207	0.999914637364	0.99991957417	0.99991981018	0.999917746829	0.999911693436	0.999907214048	0.999904572039	0.999894395793	0.999886257549	0.999867016623	0.999872193729	0.999798375308
127-128	0.999891582121	0.9999062737	0.999921339389	0.999923951086	0.999926026445	0.999921602446	0.999918001048	0.99991364078	0.999908351364	0.999900677084	0.999889862063	0.999872615923	0.99988068584	0.999805936234
128-129	0.999902731477	0.999911582815	0.999926277723	0.99993051646	0.999933485963	0.999924815461	0.999923607814	0.9999188625	0.999912603105	0.999905388052	0.999897071092	0.999880081656	0.999886630318	0.99981652153
129-130	0.999909267307	0.999917708717	0.999929805105	0.999937081834	0.999939080602	0.999928028475	0.999928163311	0.999924485892	0.999917799677	0.999910491601	0.999905882127	0.999888480607	0.99989215019	0.999827610889
130-131	0.999915034215	0.999921792651	0.99993650713	0.999944741436	0.999943431988	0.99993124149	0.999930966694	0.999929707612	0.999922051418	0.999914809989	0.999913091155	0.999893613298	0.999897245456	0.999841724617
131-132	0.999919647742	0.999925672389	0.999940739988	0.999947477009	0.999952134759	0.999934454504	0.999936223037	0.999932117637	0.999926303159	0.999922661603	0.999917496673	0.99990154564	0.999901916117	0.999849789605
132-133	0.999923876808	0.999928939537	0.999943561894	0.999952948154	0.999956486144	0.999938310121	0.999941128957	0.999938142698	0.999931499731	0.999926979991	0.999922703193	0.999906211724	0.999905737567	0.999856846469
133-134	0.999925799111	0.999933431865	0.99994814749	0.999955136612	0.999957729397	0.999942808342	0.9999463853	0.999942962748	0.999936696303	0.999932868701	0.999929111219	0.999911344415	0.999913805073	0.999863903333
134-135	0.999928490335	0.999936494816	0.999953085824	0.99995732507	0.999961459156	0.999946663959	0.999951291221	0.999946577785	0.999939058381	0.999937579669	0.999932715733	0.999916477107	0.999918475734	0.999870960197
135-136	0.999933872783	0.999938945177	0.999958024158	0.999958966413	0.999964567289	0.999948591768	0.999953393758	0.999950594493	0.999941420459	0.999941112896	0.999935519244	0.999921609799	0.999921872578	0.999877513
136-137	0.999940024152	0.999940987144	0.999959082373	0.999960060642	0.999967053795	0.999950519577	0.999955496295	0.999953807859	0.999944254953	0.999946216445	0.999940725765	0.999927209099	0.999926967845	0.999884065802
137-138	0.999943099836	0.999944458489	0.999961198802	0.999962796215	0.999968297048	0.999953089988	0.999958299678	0.999955816213	0.999949451525	0.99994935709	0.999942728273	0.999930475357	0.999931638506	0.999889610481
138-139	0.99994579106	0.999947725636	0.999961904278	0.999963343329	0.999970783554	0.9999556604	0.99996215433	0.99995943125	0.999953230851	0.999950534832	0.999945131282	0.999935141441	0.999934610745	0.999896163284
139-140	0.999948482284	0.9999499718	0.999962609754	0.999966078902	0.99997327006	0.999958873414	0.999964957713	0.999961439604	0.999954648098	0.999951712574	0.999949136298	0.999938407699	0.999939281406	0.999903220148
140-141	0.99995232689	0.999953034751	0.99996543166	0.999967173131	0.99997327006	0.999960801223	0.999967410673	0.99996465297	0.999957482591	0.999954068059	0.999952740813	0.999942140566	0.999942253645	0.999910277012
141-142	0.999954633653	0.999956301899	0.999967195351	0.999967173131	0.99997513494	0.999962729032	0.999969863633	0.999966259654	0.999960789501	0.999955245801	0.999953942317	0.999945873432	0.999943952067	0.999915317629
142-143	0.999956555956	0.999958548063	0.999968606303	0.99996826736	0.999976999819	0.999963371635	0.999972316593	0.999967062995	0.999963623995	0.999956816123	0.999958748336	0.999948673083	0.999948198123	0.999920862308
143-144	0.99995924718	0.999961202621	0.999970369994	0.999969908703	0.999978243072	0.999965299443	0.999974769553	0.999967866337	0.999965513658	0.99996034935	0.999962352851	0.999951472733	0.999951170362	0.999924894802
144-145	0.999960400562	0.999962836195	0.999971780947	0.999971002932	0.999978864699	0.999965942046	0.999975470399	0.999969071349	0.999967875736	0.999962312253	0.999965556863	0.999953805774	0.999954567206	0.999930439481
145-146	0.999962322865	0.999965286555	0.999973544638	0.99997319139	0.999980729578	0.999967869855	0.999977923359	0.999970276362	0.99997071023	0.999966630641	0.999968760876	0.999957072033	0.99995796405	0.999935480099
146-147	0.99996616747	0.99996814531	0.999974602852	0.999974832733	0.999980729578	0.999969797664	0.999978624205	0.999971481374	0.999971182645	0.999970556448	0.999971163886	0.999959871683	0.999960936289	0.999936992284
147-148	0.999968089773	0.99996937049	0.999975308328	0.999975926962	0.999981351205	0.999971725472	0.999980025896	0.999973891399	0.999973544724	0.999972126771	0.999971163886	0.999961271508	0.999963908528	0.999938504469
148-149	0.999970396536	0.999971208261	0.999977424757	0.999976474077	0.999981351205	0.999972368075	0.999982128433	0.999975096411	0.999975906802	0.999975267416	0.999971964889	0.999961738116	0.999967729978	0.999941024778
149-150	0.999971549918	0.999973250228	0.999979541186	0.999978662535	0.999981972831	0.999974295884	0.999982829279	0.999975498082	0.999978741296	0.99997723032	0.9999747684	0.999965937591	0.9999694284	0.999943545086
150-151	0.99997308776	0.999975292195	0.999981657615	0.999979756764	0.999983216084	0.99997558109	0.999984230971	0.999976301423	0.999982048205	0.9999776229	0.999976370406	0.99996920385	0.999970702217	0.999947073518
151-152	0.999973856682	0.999976108982	0.999983068568	0.999980850993	0.999983837711	0.999976866296	0.999984581394	0.999977506436	0.999982993037	0.999979585804	0.999976770908	0.999969670458	0.999972400639	0.999949593827
152-153	0.999976163445	0.99997815095	0.999983774044	0.999982492336	0.999986324217	0.999978794104	0.999985282239	0.999978711448	0.999983937868	0.999980370965	0.999980375422	0.999970603675	0.999972825245	0.999952114136
153-154	0.999977701287	0.99997937613	0.999984479521	0.99998413368	0.999986324217	0.999981364516	0.999986683931	0.999979916461	0.999984882699	0.999980370965	0.999981176425	0.999973403325	0.999976646695	0.999954634444
154-155	0.999979239129	0.999980397114	0.999985890473	0.999984680794	0.999986324217	0.999983292325	0.999987384777	0.999981121473	0.999985355115	0.999981156127	0.999981977429	0.999974336541	0.999978345117	0.999958666938
155-156	0.999980392511	0.999981826491	0.999986243212	0.999985775023	0.99998756747	0.99998457753	0.999987735199	0.999983129827	0.999986299946	0.999982333869	0.999983178933	0.99997480315	0.999979618934	0.999961187247
156-157	0.999981545893	0.999982643278	0.99998659595	0.999987416367	0.99998756747	0.99998457753	0.999988085622	0.999983531498	0.999987244777	0.999984689353	0.999983178933	0.999976669583	0.999980468145	0.999962699432
157-158	0.999982314814	0.999983664261	0.99998659595	0.99998905771	0.999988810723	0.999985862736	0.999989837737	0.999984334839	0.999987717193	0.999985474514	0.999985581943	0.999978536016	0.999982591172	0.999965219741
158-159	0.999985006038	0.999984685245	0.999988712379	0.999990151939	0.999991297229	0.999986505339	0.999990889005	0.999985539852	0.999988189609	0.999987044837	0.999986783448	0.999979469233	0.999984289595	0.999967235988
159-160	0.999985006038	0.999985706229	0.999989770593	0.999990699054	0.999991918855	0.999987790545	0.999992290697	0.999986343193	0.999990079271	0.999987829998	0.999987584451	0.999979935841	0.9999847142	0.999968748173
160-161	0.999985390499	0.999986727212	0.999990123331	0.999990699054	0.999991918855	0.999989075751	0.999992991543	0.999986744864	0.999991024103	0.999988222579	0.999987984952	0.99998040245	0.999985563411	0.999969756296
161-162	0.99998654388	0.999986931409	0.99999047607	0.999990699054	0.999991918855	0.999989075751	0.999994042811	0.999987548206	0.999991024103	0.999989007741	0.999988785956	0.999981802275	0.999987261833	0.999972276605
162-163	0.999987697262	0.999988360786	0.999990828808	0.999991246168	0.999992540482	0.999989075751	0.999994393234	0.999987949876	0.999991024103	0.999989007741	0.999989586959	0.999982735491	0.999987686439	0.999974292852
163-164	0.999990004025	0.99998876918	0.999991534284	0.999991246168	0.999993162108	0.999989718354	0.99999509408	0.999988753218	0.999991496518	0.999989792902	0.99998998746	0.9999832021	0.999989384861	0.999975805037
164-165	0.999991157407	0.999988973376	0.999991887022	0.999991246168	0.999993162108	0.999989718354	0.99999509408	0.999989556559	0.99999244135	0.999991755805	0.99998998746	0.999984135316	0.999989384861	0.99997681316
165-166	0.999991157407	0.99998938177	0.999992592499	0.999991246168	0.999994405361	0.999990360956	0.999995794926	0.99998995823	0.99999244135	0.999991755805	0.999990788463	0.999984601925	0.999989384861	0.999977317222
166-167	0.999991157407	0.99998999436	0.999992945237	0.999991793283	0.999994405361	0.999991003559	0.999995794926	0.999991564913	0.99999244135	0.999992148386	0.999990788463	0.999987401575	0.999989384861	0.999979837531
167-168	0.999991157407	0.99999060695	0.999994003451	0.999991793283	0.999995026988	0.999991003559	0.999995794926	0.999991564913	0.99999244135	0.999993718709	0.999990788463	0.999987401575	0.999989809467	0.999981349716
168-169	0.999991541868	0.999990811147	0.999994356189	0.999992340397	0.999995648614	0.999991646162	0.999996145348	0.999991564913	0.999993386181	0.99999411129	0.999991589467	0.999987868183	0.999989809467	0.999982861901
169-170	0.999992310789	0.999991627934	0.999994708928	0.999992340397	0.999995648614	0.999992288765	0.999996145348	0.999991966584	0.999993386181	0.99999450387	0.999992790971	0.999988334791	0.999990234072	0.999983365963
170-171	0.999992310789	0.999991627934	0.999994708928	0.999992887512	0.999996270241	0.999994216574	0.999996145348	0.999991966584	0.999993386181	0.999996074193	0.999993191473	0.999989268008	0.999990658678	0.999983870025
171-172	0.999992695249	0.999992444721	0.999995061666	0.999993434626	0.999996270241	0.999994216574	0.999996145348	0.999992769926	0.999993858597	0.999996466774	0.999993992476	0.999990201225	0.999991083283	0.999984374086
172-173	0.999992695249	0.999992853114	0.999995061666	0.999993434626	0.999996270241	0.999994216574	0.999996145348	0.999993171597	0.999994331012	0.999996466774	0.999994392978	0.999991134442	0.999991507889	0.999985886272
173-174	0.99999307971	0.999993669901	0.999995061666	0.999993434626	0.999996270241	0.999994216574	0.999996495771	0.999993171597	0.999994803428	0.999996466774	0.999995193981	0.999991134442	0.999992781706	0.999986894395
174-175	0.999993848631	0.999994078295	0.999995767142	0.999993434626	0.999996891867	0.999994216574	0.999996846194	0.999993573267	0.999994803428	0.999996466774	0.999995594483	0.999992067658	0.999993206311	0.999987398457
175-176	0.999993848631	0.999994282491	0.999996472618	0.999993981741	0.999996891867	0.99999550178	0.999997196617	0.999993974938	0.999994803428	0.999996466774	0.999995994984	0.999992534267	0.999994480128	0.999987902518
176-177	0.999993848631	0.999994690885	0.999996825357	0.999993981741	0.999996891867	0.99999550178	0.99999754704	0.999994376609	0.999994803428	0.999996466774	0.999996395486	0.999993467483	0.999994480128	0.999988910642
177-178	0.999994233092	0.999994895082	0.999997178095	0.999994528855	0.999996891867	0.999996144383	0.99999754704	0.99999477828	0.999995275843	0.999996466774	0.999996795987	0.999993467483	0.999995329339	0.999989414704
178-179	0.999995002013	0.999995303475	0.999997530833	0.999995623084	0.999996891867	0.999996144383	0.999997897463	0.999995179951	0.999995748259	0.999996859354	0.99999759699	0.9999944007	0.999995753944	0.999989918765
179-180	0.999995002013	0.999995507672	0.999997530833	0.999996170199	0.999996891867	0.999996786985	0.999998247886	0.999995581621	0.999995748259	0.999996859354	0.99999759699	0.9999944007	0.99999617855	0.999990422827
180-181	0.999995002013	0.999995916065	0.999997883571	0.999996717313	0.999996891867	0.999996786985	0.999998247886	0.999996384963	0.999995748259	0.999996859354	0.999997997492	0.999994867308	0.999996603156	0.999990926889
181-182	0.999995002013	0.999995916065	0.999998236309	0.999996717313	0.999997513494	0.999996786985	0.999998598309	0.999996384963	0.999995748259	0.999996859354	0.999997997492	0.999994867308	0.999997452367	0.999991430951
182-183	0.999995002013	0.999996120262	0.999998589047	0.999996717313	0.999997513494	0.999996786985	0.999998598309	0.999996786634	0.99999669309	0.999996859354	0.999997997492	0.999994867308	0.999997876972	0.999991430951
183-184	0.999995386473	0.999996528656	0.999998589047	0.999996717313	0.99999813512	0.999996786985	0.999998598309	0.999997589975	0.999997165506	0.999996859354	0.999997997492	0.999995800525	0.999997876972	0.999991430951
184-185	0.999995386473	0.999996528656	0.999998589047	0.999996717313	0.99999813512	0.999997429588	0.999998948731	0.999997589975	0.999997165506	0.999997644516	0.999997997492	0.999995800525	0.999998301578	0.999992439074
185-186	0.999995386473	0.999996528656	0.999998589047	0.999996717313	0.99999813512	0.999997429588	0.999999299154	0.999997589975	0.999997165506	0.999997644516	0.999997997492	0.999996267133	0.999998301578	0.999992439074
186-187	0.999995386473	0.999996732852	0.999998941786	0.999996717313	0.99999813512	0.999997429588	0.999999299154	0.999997589975	0.999997165506	0.999997644516	0.999998397994	0.999996267133	0.999998301578	0.999992943136
187-188	0.999996924315	0.999996732852	0.999998941786	0.999996717313	0.99999813512	0.999997429588	0.999999299154	0.999997991646	0.999997165506	0.999997644516	0.999998397994	0.999996733742	0.999998301578	0.999993447198
188-189	0.999996924315	0.999996937049	0.999999294524	0.999996717313	0.99999813512	0.999998072191	0.999999299154	0.999998393317	0.999997165506	0.999997644516	0.999998798495	0.999996733742	0.999998301578	0.999993447198
189-190	0.999996924315	0.999996937049	0.999999294524	0.999996717313	0.99999813512	0.999998072191	0.999999299154	0.999998794988	0.999997165506	0.999998037097	0.999998798495	0.999996733742	0.999998301578	0.999993447198
190-191	0.999997308776	0.999996937049	0.999999294524	0.999997264428	0.99999813512	0.999998072191	0.999999299154	0.999998794988	0.999997165506	0.999998037097	0.999998798495	0.99999720035	0.999999150789	0.999993951259
191-192	0.999997308776	0.999997141246	0.999999294524	0.999998358657	0.99999813512	0.999998072191	0.999999299154	0.999998794988	0.999998110337	0.999998037097	0.999998798495	0.99999720035	0.999999150789	0.999993951259
192-193	0.999997308776	0.999997141246	0.999999294524	0.999998358657	0.999998756747	0.999998072191	0.999999299154	0.999999196658	0.999998110337	0.999998037097	0.999998798495	0.999997666958	0.999999150789	0.999994455321
193-194	0.999997308776	0.999997345442	0.999999294524	0.999998358657	0.999998756747	0.999998072191	0.999999299154	0.999999196658	0.999999055169	0.999998037097	0.999998798495	0.999998133567	0.999999575394	0.999995967506
194-195	0.999997308776	0.999997345442	0.999999294524	0.999998358657	0.999998756747	0.999998072191	0.999999299154	0.999999196658	0.999999055169	0.999998429677	0.999998798495	0.999998133567	0.999999575394	0.999995967506
195-196	0.999997308776	0.999997753836	0.999999294524	0.999998905771	0.999998756747	0.999998072191	0.999999299154	0.999999196658	0.999999055169	0.999998429677	0.999998798495	0.999998133567	0.999999575394	0.999996471568
196-197	0.999997693237	0.999997958033	0.999999294524	0.999999452886	0.999998756747	0.999998072191	0.999999299154	0.999999196658	0.999999055169	0.999998429677	0.999998798495	0.999998600175	0.999999575394	0.99999697563
197-198	0.999997693237	0.999997958033	0.999999294524	0.999999452886	0.999998756747	0.999998072191	0.999999299154	0.999999196658	0.999999055169	0.999998429677	0.999999198997	0.999998600175	0.999999575394	0.99999697563
198-199	0.999998077697	0.999997958033	0.999999294524	0.999999452886	0.999998756747	0.999998072191	0.999999299154	0.999999196658	0.999999055169	0.999998429677	0.999999198997	0.999998600175	0.999999575394	0.99999697563
199-200	0.999998077697	0.999998162229	0.999999294524	0.999999452886	0.999998756747	0.999998714794	0.999999649577	0.999999196658	0.999999055169	0.999998429677	0.999999198997	0.999998600175	0.999999575394	0.99999697563
200-201	0.999998077697	0.999998162229	0.999999294524	0.999999452886	0.999998756747	0.999999357397	0.999999649577	0.999999196658	0.999999527584	0.999998429677	0.999999198997	0.999998600175	0.999999575394	0.99999697563
201-202	0.999998462158	0.999998162229	0.999999294524	0.999999452886	0.999998756747	0.999999357397	0.999999649577	0.999999196658	0.999999527584	0.999998822258	0.999999198997	0.999998600175	0.999999575394	0.99999697563
202-203	0.999998462158	0.999998162229	0.999999647262	0.999999452886	0.999998756747	0.999999357397	0.999999649577	0.999999196658	0.999999527584	0.999999214839	0.999999198997	0.999998600175	1.0	0.99999697563
203-204	0.999998462158	0.999998162229	0.999999647262	1.0	0.999998756747	0.999999357397	0.999999649577	0.999999196658	0.999999527584	0.999999214839	0.999999198997	0.999999066783	1.0	0.999997479691
204-205	0.999998846618	0.999998366426	0.999999647262	1.0	0.999998756747	0.999999357397	0.999999649577	0.999999598329	1.0	0.999999607419	0.999999198997	0.999999066783	1.0	0.999997479691
205-206	0.999998846618	0.999998366426	0.999999647262	1.0	0.999998756747	0.999999357397	0.999999649577	0.999999598329	1.0	0.999999607419	0.999999198997	0.999999066783	1.0	0.999998487815
206-207	0.999999615539	0.999998366426	0.999999647262	1.0	0.999998756747	0.999999357397	0.999999649577	0.999999598329	1.0	0.999999607419	0.999999198997	0.999999066783	1.0	0.999998487815
207-208	0.999999615539	0.999998366426	1.0	1.0	0.999998756747	0.999999357397	0.999999649577	0.999999598329	1.0	0.999999607419	0.999999198997	0.999999066783	1.0	0.999998487815
208-209	0.999999615539	0.999998366426	1.0	1.0	0.999998756747	0.999999357397	0.999999649577	0.999999598329	1.0	0.999999607419	0.999999198997	0.999999533392	1.0	0.999998487815
209-210	1.0	0.999998570623	1.0	1.0	0.999998756747	0.999999357397	0.999999649577	0.999999598329	1.0	1.0	0.999999198997	0.999999533392	1.0	0.999998487815
210-211	1.0	0.999998570623	1.0	1.0	0.999998756747	0.999999357397	0.999999649577	0.999999598329	1.0	1.0	0.999999599498	0.999999533392	1.0	0.999998487815
211-212	1.0	0.999998570623	1.0	1.0	0.999998756747	0.999999357397	0.999999649577	0.999999598329	1.0	1.0	0.999999599498	0.999999533392	1.0	0.999998487815
212-213	1.0	0.999998570623	1.0	1.0	0.999998756747	0.999999357397	0.999999649577	0.999999598329	1.0	1.0	0.999999599498	0.999999533392	1.0	0.999998991877
213-214	1.0	0.999998570623	1.0	1.0	0.999998756747	0.999999357397	0.999999649577	0.999999598329	1.0	1.0	0.999999599498	0.999999533392	1.0	0.999998991877
214-215	1.0	0.999998570623	1.0	1.0	0.999998756747	0.999999357397	0.999999649577	0.999999598329	1.0	1.0	0.999999599498	0.999999533392	1.0	0.999998991877
215-216	1.0	0.999998570623	1.0	1.0	0.999998756747	0.999999357397	0.999999649577	0.999999598329	1.0	1.0	0.999999599498	0.999999533392	1.0	0.999999495938
216-217	1.0	0.999998570623	1.0	1.0	0.999998756747	0.999999357397	0.999999649577	0.999999598329	1.0	1.0	0.999999599498	1.0	1.0	0.999999495938
217-218	1.0	0.999998570623	1.0	1.0	0.999998756747	0.999999357397	0.999999649577	0.999999598329	1.0	1.0	0.999999599498	1.0	1.0	0.999999495938
218-219	1.0	0.999998570623	1.0	1.0	0.999998756747	0.999999357397	0.999999649577	0.999999598329	1.0	1.0	0.999999599498	1.0	1.0	1.0
219-220	1.0	0.99999877482	1.0	1.0	0.999998756747	0.999999357397	0.999999649577	0.999999598329	1.0	1.0	0.999999599498	1.0	1.0	1.0
220-221	1.0	0.99999877482	1.0	1.0	0.999999378373	0.999999357397	0.999999649577	0.999999598329	1.0	1.0	0.999999599498	1.0	1.0	1.0
221-222	1.0	0.99999877482	1.0	1.0	0.999999378373	0.999999357397	0.999999649577	0.999999598329	1.0	1.0	1.0	1.0	1.0	1.0
222-223	1.0	0.99999877482	1.0	1.0	0.999999378373	0.999999357397	0.999999649577	0.999999598329	1.0	1.0	1.0	1.0	1.0	1.0
223-224	1.0	0.99999877482	1.0	1.0	0.999999378373	0.999999357397	0.999999649577	0.999999598329	1.0	1.0	1.0	1.0	1.0	1.0
224-225	1.0	0.99999877482	1.0	1.0	0.999999378373	0.999999357397	0.999999649577	0.999999598329	1.0	1.0	1.0	1.0	1.0	1.0
225-226	1.0	0.999998979016	1.0	1.0	0.999999378373	1.0	0.999999649577	0.999999598329	1.0	1.0	1.0	1.0	1.0	1.0
226-227	1.0	0.999998979016	1.0	1.0	0.999999378373	1.0	0.999999649577	0.999999598329	1.0	1.0	1.0	1.0	1.0	1.0
227-228	1.0	0.999998979016	1.0	1.0	0.999999378373	1.0	0.999999649577	0.999999598329	1.0	1.0	1.0	1.0	1.0	1.0
228-229	1.0	0.999999183213	1.0	1.0	0.999999378373	1.0	0.999999649577	0.999999598329	1.0	1.0	1.0	1.0	1.0	1.0
229-230	1.0	0.999999183213	1.0	1.0	0.999999378373	1.0	0.999999649577	0.999999598329	1.0	1.0	1.0	1.0	1.0	1.0
230-231	1.0	0.999999183213	1.0	1.0	0.999999378373	1.0	1.0	1.0	1.0	1.0	1.0	1.0	1.0	1.0
231-232	1.0	0.999999183213	1.0	1.0	1.0	1.0	1.0	1.0	1.0	1.0	1.0	1.0	1.0	1.0
232-233	1.0	0.999999183213	1.0	1.0	1.0	1.0	1.0	1.0	1.0	1.0	1.0	1.0	1.0	1.0
233-234	1.0	0.999999183213	1.0	1.0	1.0	1.0	1.0	1.0	1.0	1.0	1.0	1.0	1.0	1.0
234-235	1.0	0.999999183213	1.0	1.0	1.0	1.0	1.0	1.0	1.0	1.0	1.0	1.0	1.0	1.0
235-236	1.0	0.99999938741	1.0	1.0	1.0	1.0	1.0	1.0	1.0	1.0	1.0	1.0	1.0	1.0
236-237	1.0	0.999999591607	1.0	1.0	1.0	1.0	1.0	1.0	1.0	1.0	1.0	1.0	1.0	1.0
237-238	1.0	0.999999591607	1.0	1.0	1.0	1.0	1.0	1.0	1.0	1.0	1.0	1.0	1.0	1.0
238-239	1.0	0.999999591607	1.0	1.0	1.0	1.0	1.0	1.0	1.0	1.0	1.0	1.0	1.0	1.0
239-240	1.0	0.999999591607	1.0	1.0	1.0	1.0	1.0	1.0	1.0	1.0	1.0	1.0	1.0	1.0
240-241	1.0	0.999999795803	1.0	1.0	1.0	1.0	1.0	1.0	1.0	1.0	1.0	1.0	1.0	1.0
241-242	1.0	0.999999795803	1.0	1.0	1.0	1.0	1.0	1.0	1.0	1.0	1.0	1.0	1.0	1.0
242-243	1.0	0.999999795803	1.0	1.0	1.0	1.0	1.0	1.0	1.0	1.0	1.0	1.0	1.0	1.0
243-244	1.0	0.999999795803	1.0	1.0	1.0	1.0	1.0	1.0	1.0	1.0	1.0	1.0	1.0	1.0
244-245	1.0	0.999999795803	1.0	1.0	1.0	1.0	1.0	1.0	1.0	1.0	1.0	1.0	1.0	1.0
245-246	1.0	0.999999795803	1.0	1.0	1.0	1.0	1.0	1.0	1.0	1.0	1.0	1.0	1.0	1.0
246-247	1.0	0.999999795803	1.0	1.0	1.0	1.0	1.0	1.0	1.0	1.0	1.0	1.0	1.0	1.0
247-248	1.0	0.999999795803	1.0	1.0	1.0	1.0	1.0	1.0	1.0	1.0	1.0	1.0	1.0	1.0
248-249	1.0	0.999999795803	1.0	1.0	1.0	1.0	1.0	1.0	1.0	1.0	1.0	1.0	1.0	1.0
249-250	1.0	0.999999795803	1.0	1.0	1.0	1.0	1.0	1.0	1.0	1.0	1.0	1.0	1.0	1.0
250-251	1.0	0.999999795803	1.0	1.0	1.0	1.0	1.0	1.0	1.0	1.0	1.0	1.0	1.0	1.0
251-252	1.0	0.999999795803	1.0	1.0	1.0	1.0	1.0	1.0	1.0	1.0	1.0	1.0	1.0	1.0
252-253	1.0	0.999999795803	1.0	1.0	1.0	1.0	1.0	1.0	1.0	1.0	1.0	1.0	1.0	1.0
253-254	1.0	0.999999795803	1.0	1.0	1.0	1.0	1.0	1.0	1.0	1.0	1.0	1.0	1.0	1.0
254-255	1.0	0.999999795803	1.0	1.0	1.0	1.0	1.0	1.0	1.0	1.0	1.0	1.0	1.0	1.0
255-256	1.0	0.999999795803	1.0	1.0	1.0	1.0	1.0	1.0	1.0	1.0	1.0	1.0	1.0	1.0
256-257	1.0	0.999999795803	1.0	1.0	1.0	1.0	1.0	1.0	1.0	1.0	1.0	1.0	1.0	1.0
257-258	1.0	0.999999795803	1.0	1.0	1.0	1.0	1.0	1.0	1.0	1.0	1.0	1.0	1.0	1.0
258-259	1.0	0.999999795803	1.0	1.0	1.0	1.0	1.0	1.0	1.0	1.0	1.0	1.0	1.0	1.0
259-260	1.0	0.999999795803	1.0	1.0	1.0	1.0	1.0	1.0	1.0	1.0	1.0	1.0	1.0	1.0
260-261	1.0	0.999999795803	1.0	1.0	1.0	1.0	1.0	1.0	1.0	1.0	1.0	1.0	1.0	1.0
261-262	1.0	0.999999795803	1.0	1.0	1.0	1.0	1.0	1.0	1.0	1.0	1.0	1.0	1.0	1.0
262-263	1.0	0.999999795803	1.0	1.0	1.0	1.0	1.0	1.0	1.0	1.0	1.0	1.0	1.0	1.0
263-264	1.0	0.999999795803	1.0	1.0	1.0	1.0	1.0	1.0	1.0	1.0	1.0	1.0	1.0	1.0
264-265	1.0	1.0	1.0	1.0	1.0	1.0	1.0	1.0	1.0	1.0	1.0	1.0	1.0	1.0
